1000
7
-413.0 -142.0
-295.0 20.0
-46.0 78.0
20.0 11.0
-217.0 -72.0
313.0 361.0
-345.0 -92.0
7
-433.0 -406.0
-129.0 -317.0
174.0 261.0
96.0 -149.0
232.0 429.0
115.0 423.0
172.0 498.0
7
354.0 72.0
-403.0 353.0
-115.0 -103.0
347.0 -499.0
-77.0 -240.0
289.0 157.0
-397.0 380.0
7
271.0 37.0
-298.0 -130.0
-61.0 180.0
69.0 -274.0
-274.0 2.0
368.0 -490.0
-40.0 -298.0
7
-220.0 -2.0
280.0 202.0
-439.0 -326.0
-315.0 17.0
-71.0 61.0
25.0 -65.0
-59.0 132.0
7
-397.0 -10.0
66.0 -480.0
-60.0 370.0
-380.0 31.0
-328.0 -385.0
-451.0 -19.0
37.0 488.0
7
-63.0 -187.0
13.0 -10.0
263.0 -350.0
-255.0 -401.0
-424.0 10.0
-206.0 -50.0
-484.0 321.0
7
87.0 -206.0
266.0 382.0
-135.0 475.0
270.0 189.0
-132.0 -144.0
-283.0 0.0
12.0 304.0
7
428.0 -408.0
35.0 332.0
204.0 -305.0
42.0 248.0
-429.0 10.0
468.0 -351.0
-277.0 167.0
7
404.0 312.0
-475.0 257.0
274.0 -149.0
438.0 -237.0
83.0 -240.0
-184.0 433.0
-307.0 55.0
7
214.0 -328.0
215.0 15.0
338.0 -492.0
342.0 490.0
427.0 -77.0
419.0 -336.0
-482.0 451.0
7
-144.0 285.0
388.0 -269.0
392.0 -126.0
-190.0 -175.0
-206.0 -455.0
-485.0 -425.0
-304.0 159.0
7
432.0 448.0
239.0 125.0
320.0 414.0
359.0 -393.0
-205.0 -253.0
279.0 -397.0
-493.0 -132.0
7
-378.0 -262.0
187.0 -447.0
379.0 -255.0
426.0 323.0
-454.0 -359.0
-412.0 -425.0
-223.0 298.0
7
-377.0 414.0
153.0 -243.0
-18.0 -367.0
-241.0 -411.0
410.0 -363.0
168.0 69.0
-92.0 -150.0
7
305.0 56.0
-407.0 -29.0
-330.0 478.0
-44.0 216.0
-457.0 419.0
438.0 17.0
112.0 -197.0
7
483.0 24.0
66.0 -171.0
141.0 -264.0
467.0 -275.0
363.0 -298.0
399.0 -43.0
98.0 -395.0
7
-140.0 299.0
-364.0 439.0
-345.0 -91.0
294.0 5.0
-354.0 -271.0
-488.0 -38.0
449.0 170.0
7
266.0 53.0
-123.0 429.0
358.0 -246.0
-162.0 -309.0
-157.0 -164.0
-45.0 -273.0
-460.0 -482.0
7
-123.0 -367.0
333.0 -389.0
237.0 63.0
-25.0 105.0
-277.0 -222.0
264.0 -192.0
212.0 327.0
7
-225.0 -325.0
40.0 105.0
438.0 -147.0
-483.0 -441.0
-183.0 226.0
259.0 -79.0
-244.0 -489.0
7
-139.0 13.0
-307.0 453.0
-72.0 477.0
500.0 226.0
33.0 457.0
-354.0 254.0
331.0 -52.0
7
232.0 -341.0
140.0 437.0
-8.0 -447.0
398.0 300.0
203.0 -124.0
-344.0 120.0
328.0 477.0
7
-250.0 314.0
-128.0 70.0
255.0 -379.0
-482.0 305.0
426.0 243.0
133.0 -56.0
497.0 366.0
7
-417.0 344.0
437.0 455.0
-147.0 31.0
426.0 -493.0
-382.0 74.0
-390.0 -369.0
293.0 -288.0
7
165.0 -399.0
403.0 128.0
331.0 -118.0
359.0 -348.0
-430.0 -493.0
-216.0 -400.0
186.0 6.0
7
-128.0 -334.0
-439.0 467.0
161.0 -67.0
-344.0 475.0
-356.0 392.0
136.0 251.0
73.0 193.0
7
34.0 -18.0
-103.0 -299.0
254.0 422.0
-433.0 -479.0
-466.0 19.0
106.0 270.0
126.0 -404.0
7
-259.0 -165.0
460.0 208.0
411.0 -451.0
-324.0 -257.0
-499.0 376.0
-323.0 -481.0
-282.0 -163.0
7
215.0 297.0
-223.0 -213.0
-482.0 -318.0
-43.0 245.0
-184.0 445.0
-245.0 -293.0
157.0 -378.0
7
207.0 231.0
342.0 -439.0
-298.0 164.0
485.0 322.0
-78.0 260.0
-280.0 167.0
-377.0 -407.0
7
-280.0 24.0
-463.0 -229.0
-63.0 -328.0
408.0 -440.0
44.0 496.0
387.0 119.0
173.0 -379.0
7
413.0 396.0
104.0 -172.0
-80.0 212.0
-341.0 -254.0
-372.0 -109.0
334.0 51.0
-129.0 -251.0
7
25.0 270.0
42.0 52.0
-484.0 -422.0
-373.0 486.0
-358.0 -294.0
118.0 422.0
234.0 439.0
7
2.0 -71.0
64.0 204.0
45.0 -1.0
-381.0 -360.0
58.0 -354.0
-486.0 -273.0
361.0 254.0
7
-468.0 3.0
53.0 -430.0
232.0 -500.0
222.0 225.0
478.0 -271.0
-99.0 268.0
341.0 216.0
7
50.0 248.0
195.0 -68.0
-423.0 264.0
124.0 357.0
-298.0 330.0
-154.0 402.0
82.0 209.0
7
110.0 -118.0
235.0 -229.0
-110.0 -413.0
114.0 -432.0
-320.0 -278.0
235.0 51.0
-81.0 -73.0
7
431.0 -145.0
-97.0 289.0
-256.0 -30.0
-445.0 -293.0
411.0 -466.0
146.0 272.0
498.0 453.0
7
155.0 239.0
-407.0 -312.0
305.0 -109.0
-204.0 187.0
314.0 219.0
-96.0 192.0
215.0 -245.0
7
202.0 -72.0
320.0 371.0
201.0 263.0
-328.0 338.0
-264.0 274.0
-414.0 -214.0
76.0 -353.0
7
-410.0 97.0
-449.0 -320.0
-366.0 100.0
-48.0 -16.0
385.0 -124.0
-173.0 -241.0
-448.0 79.0
7
-150.0 345.0
-309.0 418.0
490.0 303.0
35.0 472.0
72.0 -417.0
-195.0 -24.0
-298.0 227.0
7
449.0 -207.0
-3.0 -454.0
-40.0 88.0
272.0 -68.0
138.0 -129.0
-194.0 79.0
421.0 147.0
7
399.0 70.0
447.0 -457.0
160.0 131.0
278.0 -182.0
-101.0 325.0
499.0 420.0
-480.0 -305.0
7
-285.0 -198.0
243.0 -375.0
458.0 -289.0
-94.0 483.0
124.0 373.0
129.0 88.0
-130.0 -7.0
7
-85.0 -476.0
-208.0 132.0
6.0 -145.0
46.0 260.0
366.0 327.0
230.0 69.0
235.0 28.0
7
96.0 236.0
483.0 -295.0
-336.0 -264.0
113.0 -378.0
-83.0 333.0
494.0 -139.0
-199.0 487.0
7
85.0 -147.0
368.0 -314.0
-422.0 -313.0
-360.0 391.0
25.0 60.0
-95.0 -345.0
1.0 -102.0
7
-72.0 -433.0
31.0 -50.0
-149.0 -3.0
-476.0 464.0
-493.0 164.0
289.0 495.0
498.0 358.0
7
305.0 104.0
-419.0 101.0
417.0 387.0
-436.0 -433.0
-313.0 475.0
-425.0 -150.0
334.0 22.0
7
209.0 -12.0
-471.0 150.0
-198.0 80.0
-62.0 301.0
54.0 -429.0
-445.0 321.0
165.0 -206.0
7
-457.0 -81.0
55.0 -333.0
-469.0 414.0
-201.0 -214.0
206.0 474.0
-9.0 -152.0
-243.0 351.0
7
76.0 -34.0
-467.0 -448.0
66.0 283.0
-493.0 -93.0
132.0 128.0
-1.0 -375.0
372.0 -226.0
7
236.0 -74.0
-166.0 -59.0
-383.0 -407.0
489.0 174.0
-498.0 366.0
-346.0 486.0
32.0 -251.0
7
-20.0 367.0
-315.0 -396.0
136.0 -162.0
-193.0 -326.0
114.0 -81.0
-128.0 155.0
-464.0 -171.0
7
360.0 220.0
312.0 91.0
-328.0 -376.0
-287.0 -184.0
-483.0 323.0
121.0 -13.0
393.0 -118.0
7
341.0 -16.0
1.0 53.0
-329.0 498.0
-241.0 28.0
147.0 -428.0
-77.0 474.0
302.0 223.0
7
453.0 -70.0
306.0 -29.0
295.0 -202.0
-339.0 -87.0
410.0 -422.0
-140.0 328.0
129.0 99.0
7
-68.0 138.0
-109.0 -443.0
-153.0 -370.0
145.0 -376.0
-7.0 -192.0
387.0 -384.0
34.0 -14.0
7
-246.0 -58.0
-83.0 -155.0
-8.0 256.0
211.0 -28.0
419.0 -430.0
301.0 182.0
497.0 46.0
7
363.0 -313.0
88.0 -490.0
142.0 170.0
98.0 -469.0
128.0 -164.0
-476.0 382.0
-121.0 258.0
7
311.0 -123.0
190.0 8.0
394.0 -44.0
-473.0 -126.0
0.0 318.0
336.0 265.0
111.0 118.0
7
128.0 365.0
-280.0 234.0
461.0 181.0
-444.0 -33.0
-361.0 -74.0
-338.0 78.0
-100.0 480.0
7
-376.0 -211.0
-106.0 305.0
-438.0 414.0
396.0 219.0
-60.0 -185.0
284.0 405.0
-398.0 323.0
7
398.0 -378.0
486.0 -348.0
237.0 305.0
283.0 17.0
-319.0 479.0
-256.0 368.0
186.0 358.0
7
-301.0 309.0
241.0 91.0
-234.0 110.0
327.0 408.0
388.0 -302.0
403.0 157.0
442.0 -368.0
7
-15.0 -169.0
456.0 -301.0
391.0 -218.0
-24.0 -328.0
256.0 -450.0
467.0 -186.0
-316.0 -407.0
7
166.0 -25.0
117.0 2.0
-490.0 85.0
324.0 84.0
-357.0 -64.0
69.0 -335.0
376.0 364.0
7
-253.0 -207.0
-314.0 -76.0
-13.0 -372.0
374.0 -356.0
493.0 249.0
79.0 -56.0
-390.0 271.0
7
144.0 -322.0
196.0 490.0
395.0 22.0
113.0 -191.0
-322.0 -207.0
-177.0 -317.0
314.0 -51.0
7
57.0 278.0
162.0 494.0
63.0 -417.0
-350.0 -329.0
-232.0 -67.0
-390.0 -334.0
398.0 -427.0
7
-437.0 471.0
422.0 66.0
-488.0 246.0
338.0 134.0
-323.0 274.0
-492.0 -482.0
354.0 -311.0
7
216.0 -181.0
326.0 307.0
63.0 -405.0
460.0 300.0
-50.0 -346.0
138.0 414.0
-383.0 496.0
7
-370.0 425.0
5.0 65.0
-385.0 312.0
-328.0 319.0
84.0 406.0
343.0 -386.0
-208.0 -435.0
7
-400.0 49.0
380.0 -227.0
-344.0 363.0
-19.0 404.0
441.0 -24.0
441.0 82.0
18.0 -191.0
7
-413.0 50.0
434.0 -185.0
-164.0 -428.0
357.0 492.0
-179.0 -189.0
-118.0 -159.0
362.0 404.0
7
-154.0 -155.0
-279.0 -43.0
-161.0 -328.0
381.0 46.0
228.0 -336.0
-376.0 336.0
-204.0 242.0
7
160.0 167.0
-88.0 163.0
364.0 -64.0
303.0 -124.0
-249.0 168.0
187.0 -266.0
-489.0 124.0
7
134.0 -386.0
109.0 219.0
411.0 -184.0
136.0 -157.0
197.0 -170.0
103.0 -176.0
432.0 -233.0
7
-59.0 -306.0
-349.0 81.0
-346.0 123.0
420.0 290.0
-439.0 230.0
248.0 415.0
291.0 487.0
7
-194.0 454.0
397.0 -273.0
-34.0 278.0
214.0 -99.0
23.0 466.0
386.0 250.0
88.0 70.0
7
-428.0 264.0
155.0 210.0
460.0 -242.0
31.0 -149.0
-459.0 21.0
171.0 250.0
-231.0 -25.0
7
-6.0 184.0
-70.0 -49.0
-30.0 -290.0
269.0 36.0
33.0 152.0
-404.0 -199.0
449.0 471.0
7
-13.0 -432.0
-300.0 220.0
-415.0 -489.0
329.0 434.0
-186.0 -228.0
366.0 155.0
-225.0 -343.0
7
416.0 442.0
279.0 -109.0
-229.0 425.0
104.0 -86.0
395.0 -90.0
377.0 -280.0
450.0 -493.0
7
-123.0 14.0
328.0 499.0
80.0 141.0
-431.0 318.0
149.0 44.0
-74.0 250.0
284.0 336.0
7
1.0 -340.0
334.0 -484.0
-385.0 -65.0
298.0 -146.0
-286.0 359.0
-463.0 -442.0
267.0 389.0
7
-363.0 -178.0
-96.0 222.0
228.0 -163.0
116.0 -222.0
-73.0 -242.0
329.0 -233.0
280.0 401.0
7
240.0 -178.0
126.0 -215.0
88.0 475.0
398.0 -370.0
-173.0 478.0
114.0 58.0
98.0 330.0
7
12.0 53.0
8.0 391.0
130.0 -286.0
327.0 -81.0
303.0 -380.0
-304.0 201.0
-384.0 -60.0
7
-448.0 478.0
47.0 50.0
-23.0 -434.0
-402.0 312.0
-364.0 -483.0
446.0 240.0
-105.0 -17.0
7
-394.0 177.0
-74.0 -187.0
373.0 -121.0
484.0 -377.0
51.0 -367.0
-90.0 194.0
272.0 -459.0
7
158.0 -488.0
333.0 31.0
231.0 322.0
-180.0 -61.0
254.0 323.0
-183.0 -319.0
-50.0 156.0
7
80.0 -95.0
483.0 -292.0
-349.0 66.0
46.0 401.0
-402.0 -43.0
409.0 -486.0
-53.0 -402.0
7
470.0 -302.0
81.0 91.0
308.0 23.0
-168.0 103.0
-416.0 -215.0
458.0 175.0
166.0 374.0
7
361.0 -472.0
359.0 376.0
-318.0 -440.0
116.0 -420.0
38.0 296.0
-140.0 480.0
-133.0 -346.0
7
114.0 35.0
180.0 56.0
164.0 -240.0
-23.0 158.0
36.0 -36.0
270.0 -351.0
-121.0 38.0
7
456.0 -63.0
-349.0 360.0
168.0 -484.0
-117.0 270.0
192.0 256.0
-428.0 -161.0
-132.0 -299.0
7
5.0 -261.0
470.0 334.0
280.0 68.0
-32.0 129.0
383.0 -109.0
31.0 305.0
-268.0 364.0
7
-244.0 -128.0
-39.0 -211.0
-165.0 214.0
-89.0 253.0
-30.0 -124.0
-482.0 314.0
-202.0 -87.0
7
-184.0 -15.0
259.0 -21.0
496.0 -240.0
-60.0 -116.0
24.0 439.0
-98.0 69.0
163.0 112.0
7
-155.0 330.0
484.0 464.0
-41.0 -169.0
-267.0 -35.0
-497.0 -471.0
232.0 316.0
-396.0 -401.0
7
192.0 195.0
-350.0 81.0
303.0 -187.0
-98.0 -463.0
-408.0 -185.0
337.0 239.0
264.0 -444.0
7
-265.0 74.0
-224.0 410.0
402.0 395.0
387.0 312.0
-95.0 259.0
-36.0 389.0
-29.0 -337.0
7
-355.0 -181.0
-412.0 -441.0
281.0 -129.0
440.0 251.0
-345.0 -177.0
-300.0 178.0
-413.0 351.0
7
-19.0 421.0
-246.0 -139.0
394.0 168.0
-261.0 241.0
-349.0 64.0
195.0 -447.0
-408.0 90.0
7
484.0 -22.0
173.0 -427.0
-461.0 -354.0
394.0 499.0
-433.0 269.0
-170.0 75.0
-280.0 -361.0
7
249.0 464.0
32.0 184.0
348.0 -41.0
154.0 -257.0
278.0 343.0
339.0 317.0
-74.0 295.0
7
63.0 -201.0
17.0 357.0
31.0 -115.0
-293.0 170.0
-201.0 439.0
447.0 -129.0
-398.0 -323.0
7
-97.0 245.0
-83.0 46.0
491.0 -369.0
326.0 -127.0
-139.0 -18.0
240.0 264.0
250.0 327.0
7
-208.0 -255.0
401.0 -52.0
-367.0 -29.0
-352.0 317.0
105.0 -101.0
-202.0 147.0
200.0 177.0
7
226.0 176.0
-106.0 231.0
350.0 -60.0
-488.0 -128.0
281.0 276.0
396.0 -305.0
-390.0 44.0
7
-251.0 144.0
-154.0 -7.0
-304.0 328.0
-456.0 -200.0
92.0 33.0
154.0 182.0
-7.0 99.0
7
-350.0 354.0
157.0 137.0
-45.0 -205.0
367.0 -253.0
284.0 -3.0
362.0 -139.0
448.0 -225.0
7
-247.0 -484.0
56.0 20.0
356.0 213.0
394.0 -331.0
-261.0 26.0
-57.0 362.0
94.0 -414.0
7
395.0 435.0
-354.0 -355.0
-176.0 -393.0
445.0 455.0
33.0 472.0
-377.0 -149.0
171.0 386.0
7
384.0 30.0
-131.0 32.0
150.0 73.0
-319.0 -394.0
-499.0 -283.0
153.0 -188.0
166.0 -158.0
7
127.0 402.0
-480.0 -367.0
-278.0 225.0
69.0 -404.0
363.0 8.0
-449.0 -361.0
459.0 -347.0
7
432.0 -87.0
-434.0 -170.0
281.0 -231.0
-405.0 125.0
303.0 -4.0
-330.0 419.0
231.0 -417.0
7
-19.0 -461.0
373.0 34.0
130.0 -278.0
-2.0 -148.0
-124.0 293.0
-459.0 -488.0
-261.0 -419.0
7
-452.0 243.0
-149.0 -130.0
-451.0 59.0
275.0 88.0
161.0 489.0
251.0 -14.0
287.0 438.0
7
46.0 -215.0
36.0 344.0
80.0 -399.0
-374.0 22.0
-213.0 -81.0
-101.0 -273.0
317.0 -359.0
7
398.0 -362.0
319.0 273.0
454.0 -221.0
434.0 -186.0
-436.0 261.0
-30.0 -53.0
113.0 284.0
7
298.0 383.0
-9.0 54.0
51.0 444.0
5.0 351.0
-460.0 -120.0
-469.0 200.0
-487.0 137.0
7
41.0 201.0
213.0 -60.0
119.0 184.0
-189.0 -467.0
96.0 276.0
-368.0 -329.0
-246.0 -194.0
7
22.0 -146.0
-198.0 -463.0
-257.0 -102.0
387.0 139.0
-307.0 -153.0
-363.0 168.0
128.0 442.0
7
145.0 -89.0
-478.0 -97.0
-54.0 364.0
486.0 -400.0
-149.0 369.0
-171.0 -240.0
478.0 -42.0
7
40.0 23.0
404.0 -389.0
450.0 -190.0
-446.0 -390.0
-323.0 -421.0
-373.0 105.0
-156.0 -402.0
7
-417.0 69.0
302.0 -278.0
-88.0 -97.0
-363.0 455.0
-149.0 175.0
-309.0 -392.0
175.0 18.0
7
-61.0 -79.0
265.0 492.0
-232.0 361.0
-347.0 -123.0
-125.0 -31.0
-291.0 -364.0
-352.0 394.0
7
-141.0 -321.0
447.0 67.0
-326.0 78.0
350.0 194.0
339.0 284.0
147.0 213.0
-176.0 -370.0
7
-29.0 356.0
158.0 -37.0
-148.0 -230.0
-392.0 -117.0
199.0 -161.0
162.0 410.0
263.0 -172.0
7
-438.0 56.0
359.0 96.0
47.0 -124.0
-337.0 -135.0
-320.0 469.0
-2.0 228.0
-385.0 401.0
7
115.0 473.0
380.0 149.0
261.0 -72.0
65.0 312.0
298.0 244.0
-222.0 -463.0
432.0 417.0
7
497.0 -109.0
-7.0 121.0
-338.0 -406.0
499.0 278.0
231.0 -290.0
-329.0 353.0
267.0 -67.0
7
291.0 -323.0
450.0 452.0
396.0 336.0
-232.0 81.0
-156.0 423.0
-315.0 -96.0
-387.0 295.0
7
-18.0 -57.0
-423.0 -118.0
-323.0 -198.0
-211.0 -260.0
-153.0 -190.0
401.0 -8.0
248.0 -117.0
7
-455.0 162.0
-235.0 493.0
-403.0 -306.0
-477.0 270.0
-4.0 254.0
-56.0 2.0
382.0 460.0
7
-346.0 8.0
-141.0 308.0
483.0 318.0
-231.0 150.0
45.0 -461.0
-70.0 157.0
130.0 -1.0
7
-449.0 -265.0
-340.0 92.0
-486.0 17.0
291.0 -87.0
55.0 108.0
366.0 148.0
-347.0 27.0
7
41.0 156.0
283.0 226.0
359.0 176.0
120.0 306.0
-215.0 92.0
-156.0 318.0
-262.0 -429.0
7
-322.0 5.0
-273.0 293.0
-268.0 -453.0
487.0 -93.0
6.0 -163.0
116.0 245.0
466.0 -79.0
7
389.0 126.0
296.0 -287.0
-164.0 280.0
247.0 254.0
-373.0 157.0
174.0 474.0
126.0 -191.0
7
-496.0 275.0
95.0 78.0
290.0 -304.0
176.0 315.0
-381.0 -112.0
-22.0 239.0
159.0 -445.0
7
-319.0 257.0
-50.0 386.0
-24.0 -485.0
-432.0 -160.0
-417.0 474.0
255.0 -38.0
341.0 -417.0
7
-54.0 -216.0
131.0 -241.0
382.0 431.0
-135.0 -342.0
-111.0 194.0
195.0 471.0
151.0 498.0
7
-292.0 -206.0
-487.0 192.0
-320.0 488.0
265.0 270.0
150.0 -186.0
115.0 392.0
-177.0 -283.0
7
-248.0 454.0
60.0 404.0
181.0 -358.0
-188.0 -437.0
-428.0 -412.0
245.0 -480.0
395.0 314.0
7
-76.0 133.0
248.0 357.0
-225.0 267.0
333.0 -261.0
318.0 -107.0
153.0 -52.0
59.0 -159.0
7
366.0 -305.0
-186.0 318.0
417.0 -484.0
-449.0 176.0
-311.0 193.0
396.0 470.0
-136.0 -110.0
7
488.0 54.0
-308.0 130.0
-490.0 -118.0
302.0 184.0
-65.0 80.0
96.0 -267.0
-108.0 -62.0
7
-279.0 420.0
481.0 392.0
323.0 194.0
-213.0 -368.0
137.0 -232.0
-312.0 -171.0
141.0 -176.0
7
481.0 254.0
-89.0 49.0
129.0 148.0
224.0 96.0
173.0 77.0
-412.0 -73.0
-120.0 -407.0
7
-492.0 -412.0
-128.0 -178.0
-435.0 -255.0
-388.0 187.0
40.0 -370.0
-350.0 142.0
238.0 -352.0
7
266.0 313.0
-107.0 -187.0
164.0 435.0
-58.0 -140.0
-95.0 -395.0
102.0 -493.0
-462.0 -156.0
7
-219.0 431.0
-135.0 -65.0
173.0 359.0
232.0 85.0
-413.0 -450.0
-195.0 40.0
-300.0 -385.0
7
343.0 -349.0
464.0 -161.0
-165.0 19.0
479.0 429.0
389.0 -93.0
-56.0 -460.0
-62.0 488.0
7
147.0 -473.0
-114.0 6.0
-355.0 -373.0
110.0 357.0
198.0 -424.0
-127.0 451.0
424.0 -219.0
7
306.0 -268.0
-434.0 422.0
126.0 300.0
-325.0 62.0
-328.0 -415.0
410.0 -451.0
-152.0 294.0
7
-93.0 -366.0
188.0 -234.0
-91.0 -430.0
-206.0 362.0
-256.0 215.0
218.0 -99.0
406.0 298.0
7
4.0 -175.0
-89.0 79.0
-210.0 293.0
-16.0 329.0
-5.0 -446.0
-360.0 63.0
81.0 121.0
7
323.0 476.0
-404.0 -482.0
-499.0 23.0
-91.0 159.0
-219.0 232.0
220.0 -317.0
150.0 -473.0
7
-492.0 -157.0
355.0 187.0
405.0 -148.0
11.0 -423.0
-172.0 47.0
472.0 361.0
142.0 41.0
7
42.0 -137.0
59.0 191.0
110.0 -494.0
338.0 203.0
-265.0 476.0
-293.0 131.0
32.0 -295.0
7
-2.0 -90.0
282.0 367.0
26.0 237.0
-271.0 65.0
491.0 132.0
238.0 -199.0
373.0 234.0
7
144.0 187.0
-269.0 59.0
353.0 -82.0
13.0 -431.0
433.0 99.0
452.0 -434.0
-20.0 64.0
7
-236.0 230.0
-127.0 -80.0
336.0 -308.0
-151.0 -15.0
-217.0 -88.0
324.0 -448.0
191.0 -302.0
7
220.0 16.0
-468.0 -400.0
14.0 252.0
463.0 435.0
-433.0 390.0
-232.0 334.0
488.0 381.0
7
291.0 -223.0
-105.0 226.0
432.0 -281.0
-336.0 -3.0
498.0 298.0
205.0 -295.0
-24.0 123.0
7
-368.0 291.0
-343.0 -328.0
435.0 -21.0
-192.0 466.0
-300.0 57.0
370.0 -156.0
247.0 -62.0
7
400.0 170.0
373.0 437.0
242.0 -96.0
449.0 149.0
28.0 -215.0
409.0 193.0
477.0 -379.0
7
-247.0 -217.0
367.0 400.0
461.0 208.0
-208.0 -189.0
468.0 105.0
-44.0 -28.0
-378.0 -393.0
7
-463.0 136.0
207.0 316.0
470.0 -380.0
-219.0 368.0
-250.0 -292.0
-36.0 110.0
437.0 -75.0
7
91.0 -75.0
-416.0 207.0
351.0 30.0
160.0 495.0
115.0 28.0
239.0 -8.0
-183.0 412.0
7
-295.0 110.0
134.0 443.0
-412.0 -173.0
-259.0 -139.0
299.0 158.0
-472.0 187.0
266.0 -105.0
7
-461.0 -384.0
-461.0 499.0
-407.0 -406.0
-422.0 443.0
-28.0 -228.0
-165.0 -214.0
-422.0 233.0
7
395.0 -267.0
-493.0 -401.0
485.0 -50.0
-389.0 -433.0
253.0 11.0
-41.0 35.0
-295.0 -253.0
7
-203.0 -136.0
80.0 -110.0
368.0 172.0
-239.0 -468.0
163.0 346.0
196.0 116.0
126.0 13.0
7
-1.0 452.0
-363.0 22.0
-90.0 61.0
-408.0 -193.0
161.0 234.0
106.0 -342.0
463.0 89.0
7
-205.0 -78.0
433.0 -380.0
-484.0 -472.0
452.0 -473.0
243.0 -378.0
-108.0 480.0
145.0 362.0
7
180.0 -346.0
257.0 188.0
-269.0 36.0
276.0 497.0
-189.0 246.0
214.0 -245.0
-375.0 182.0
7
158.0 435.0
153.0 -225.0
-234.0 -216.0
-225.0 -9.0
460.0 357.0
-357.0 -256.0
9.0 -250.0
7
437.0 -323.0
111.0 291.0
-176.0 -373.0
-131.0 488.0
271.0 313.0
367.0 243.0
-278.0 257.0
7
89.0 308.0
-367.0 -316.0
-344.0 106.0
358.0 486.0
248.0 -45.0
63.0 -479.0
103.0 223.0
7
-145.0 20.0
-324.0 286.0
-170.0 218.0
-207.0 104.0
-230.0 68.0
-197.0 473.0
-353.0 -57.0
7
-236.0 490.0
-190.0 334.0
-433.0 -21.0
-57.0 61.0
-62.0 21.0
233.0 -44.0
-149.0 -51.0
7
-419.0 48.0
338.0 438.0
-174.0 52.0
479.0 391.0
-198.0 158.0
-284.0 -209.0
-312.0 -216.0
7
-454.0 182.0
-432.0 258.0
73.0 316.0
188.0 -105.0
-51.0 -441.0
-137.0 60.0
-322.0 219.0
7
-374.0 -97.0
-404.0 369.0
421.0 -106.0
-129.0 380.0
-491.0 256.0
427.0 265.0
155.0 185.0
7
420.0 17.0
166.0 -305.0
149.0 366.0
-110.0 -396.0
-245.0 -352.0
-113.0 317.0
146.0 428.0
7
184.0 -329.0
-497.0 106.0
-69.0 -495.0
77.0 29.0
-474.0 -169.0
419.0 236.0
-62.0 120.0
7
-165.0 463.0
-242.0 486.0
284.0 457.0
3.0 -371.0
337.0 -452.0
404.0 -467.0
-22.0 -246.0
7
-292.0 59.0
374.0 -460.0
277.0 -304.0
170.0 -411.0
-267.0 162.0
498.0 -52.0
-20.0 -141.0
7
-114.0 477.0
393.0 1.0
80.0 222.0
-33.0 238.0
-52.0 264.0
14.0 -3.0
-244.0 261.0
7
-418.0 63.0
-340.0 411.0
440.0 -344.0
341.0 496.0
124.0 -316.0
-479.0 -306.0
-399.0 310.0
7
-347.0 338.0
-415.0 315.0
-134.0 -342.0
-229.0 -466.0
-32.0 -77.0
-67.0 276.0
-196.0 211.0
7
-216.0 289.0
36.0 -422.0
-484.0 176.0
-360.0 375.0
289.0 -91.0
-226.0 332.0
-180.0 241.0
7
-131.0 -173.0
27.0 427.0
218.0 296.0
41.0 207.0
372.0 -486.0
185.0 109.0
486.0 7.0
7
-342.0 165.0
472.0 -134.0
-295.0 -140.0
-240.0 451.0
-446.0 -64.0
253.0 320.0
-245.0 -44.0
7
84.0 -156.0
-78.0 -441.0
-481.0 191.0
122.0 173.0
493.0 -22.0
-32.0 -283.0
-81.0 404.0
7
-55.0 217.0
243.0 94.0
-345.0 67.0
-445.0 478.0
-482.0 -168.0
437.0 -311.0
6.0 -72.0
7
383.0 348.0
-174.0 5.0
403.0 267.0
221.0 312.0
226.0 -422.0
-298.0 275.0
137.0 -31.0
7
-309.0 458.0
-82.0 -134.0
410.0 -313.0
-302.0 21.0
425.0 -171.0
254.0 -460.0
-313.0 -251.0
7
127.0 -157.0
-297.0 87.0
-10.0 419.0
202.0 -432.0
15.0 229.0
-35.0 2.0
126.0 -469.0
7
40.0 -404.0
396.0 -429.0
-136.0 -318.0
331.0 382.0
243.0 464.0
40.0 -60.0
-93.0 402.0
7
428.0 -120.0
34.0 410.0
-149.0 405.0
402.0 130.0
-9.0 218.0
389.0 24.0
-257.0 240.0
7
-9.0 -95.0
53.0 86.0
-251.0 290.0
-192.0 388.0
-48.0 -326.0
383.0 -89.0
-277.0 -443.0
7
129.0 196.0
57.0 -48.0
-261.0 -256.0
265.0 -114.0
-161.0 111.0
-267.0 -135.0
-300.0 455.0
7
-74.0 -103.0
457.0 209.0
233.0 -224.0
-343.0 318.0
-370.0 -78.0
396.0 -210.0
-25.0 -32.0
7
366.0 -65.0
394.0 -229.0
149.0 392.0
302.0 27.0
-158.0 -278.0
13.0 -407.0
-167.0 -479.0
7
-378.0 -118.0
-164.0 73.0
-160.0 -461.0
165.0 477.0
313.0 -232.0
364.0 167.0
321.0 385.0
7
-29.0 -202.0
243.0 388.0
-462.0 -71.0
-436.0 195.0
-462.0 -97.0
-428.0 58.0
-74.0 137.0
7
-115.0 477.0
-361.0 32.0
370.0 86.0
254.0 124.0
55.0 -299.0
-171.0 450.0
-244.0 -18.0
7
-252.0 -314.0
284.0 367.0
-30.0 -143.0
-198.0 314.0
-453.0 22.0
416.0 497.0
244.0 -152.0
7
485.0 444.0
-372.0 362.0
-41.0 346.0
-125.0 -352.0
-122.0 145.0
305.0 26.0
-49.0 494.0
7
-413.0 220.0
-135.0 -230.0
40.0 404.0
75.0 -255.0
365.0 389.0
-108.0 485.0
-98.0 244.0
7
-385.0 -151.0
-265.0 -311.0
-60.0 -433.0
-93.0 176.0
231.0 326.0
256.0 -45.0
-145.0 245.0
7
-122.0 -175.0
-110.0 288.0
-366.0 492.0
-84.0 -435.0
-466.0 -392.0
284.0 -32.0
-500.0 -356.0
7
-292.0 -439.0
37.0 -131.0
-116.0 388.0
-154.0 464.0
-332.0 207.0
-59.0 -443.0
406.0 -150.0
7
-290.0 -353.0
291.0 -455.0
263.0 -245.0
-177.0 -288.0
-132.0 139.0
-211.0 113.0
-89.0 -469.0
7
-115.0 -266.0
121.0 43.0
-71.0 -338.0
-155.0 17.0
466.0 -500.0
-6.0 -372.0
260.0 444.0
7
166.0 447.0
226.0 18.0
-179.0 218.0
258.0 -290.0
-242.0 249.0
357.0 -47.0
42.0 -28.0
7
-131.0 -203.0
251.0 -342.0
228.0 37.0
395.0 350.0
195.0 -391.0
265.0 -105.0
358.0 -84.0
7
-324.0 -256.0
-97.0 150.0
155.0 -499.0
-497.0 447.0
-446.0 -436.0
150.0 198.0
195.0 136.0
7
-469.0 388.0
-372.0 103.0
-45.0 491.0
154.0 -383.0
41.0 193.0
-136.0 123.0
387.0 -392.0
7
-315.0 278.0
69.0 93.0
85.0 -446.0
-284.0 393.0
-164.0 483.0
9.0 376.0
315.0 -3.0
7
70.0 -210.0
116.0 -194.0
272.0 -342.0
373.0 -368.0
7.0 -298.0
156.0 -436.0
-371.0 395.0
7
-201.0 -60.0
336.0 142.0
-296.0 -28.0
430.0 -161.0
-45.0 -72.0
46.0 170.0
145.0 421.0
7
-197.0 -312.0
187.0 402.0
441.0 -498.0
-210.0 348.0
-492.0 97.0
169.0 -367.0
-44.0 -79.0
7
37.0 33.0
261.0 -457.0
-351.0 493.0
339.0 419.0
105.0 -334.0
184.0 -431.0
252.0 158.0
7
-298.0 383.0
-34.0 421.0
421.0 -168.0
-409.0 402.0
175.0 361.0
409.0 296.0
-462.0 -74.0
7
106.0 -230.0
305.0 -238.0
-384.0 -453.0
63.0 -208.0
478.0 -294.0
233.0 -169.0
-235.0 -161.0
7
384.0 121.0
-394.0 -115.0
-155.0 -219.0
-24.0 -450.0
249.0 247.0
337.0 165.0
18.0 -264.0
7
-272.0 133.0
75.0 -388.0
363.0 -349.0
408.0 -155.0
443.0 479.0
-318.0 -46.0
-161.0 -461.0
7
-34.0 397.0
-62.0 -217.0
-110.0 -378.0
-130.0 309.0
-136.0 122.0
-446.0 -399.0
9.0 387.0
7
-460.0 -105.0
388.0 277.0
-361.0 -423.0
-444.0 368.0
-66.0 424.0
252.0 229.0
83.0 154.0
7
84.0 64.0
22.0 -115.0
-56.0 -479.0
339.0 -198.0
-36.0 -160.0
-300.0 -70.0
123.0 476.0
7
-335.0 10.0
-470.0 3.0
-378.0 32.0
461.0 -130.0
-330.0 -68.0
-304.0 243.0
-244.0 405.0
7
446.0 390.0
-437.0 415.0
52.0 -408.0
-432.0 -150.0
201.0 156.0
-352.0 -71.0
-265.0 324.0
7
-55.0 193.0
393.0 31.0
-408.0 -34.0
-7.0 -487.0
-57.0 56.0
-374.0 28.0
30.0 -495.0
7
-396.0 -447.0
-129.0 192.0
-64.0 481.0
469.0 -147.0
-76.0 21.0
-307.0 -485.0
-427.0 242.0
7
-152.0 -183.0
279.0 -485.0
371.0 -98.0
-383.0 66.0
481.0 435.0
-449.0 -243.0
306.0 -366.0
7
143.0 -63.0
-345.0 -190.0
-480.0 25.0
-153.0 194.0
326.0 -343.0
430.0 -448.0
239.0 -382.0
7
-245.0 -3.0
-227.0 -211.0
44.0 -254.0
47.0 113.0
-184.0 299.0
-170.0 -50.0
351.0 -12.0
7
-434.0 87.0
221.0 -247.0
-493.0 -157.0
40.0 285.0
130.0 350.0
488.0 -287.0
-159.0 377.0
7
-266.0 203.0
-379.0 34.0
-378.0 -247.0
461.0 419.0
-285.0 -31.0
224.0 384.0
128.0 294.0
7
-224.0 -390.0
297.0 410.0
-297.0 298.0
-184.0 248.0
-138.0 -125.0
-416.0 -136.0
105.0 179.0
7
-313.0 -242.0
-337.0 306.0
244.0 410.0
432.0 -430.0
-430.0 -182.0
455.0 125.0
-46.0 342.0
7
-124.0 367.0
155.0 217.0
-145.0 -343.0
-292.0 10.0
226.0 -498.0
64.0 -364.0
105.0 59.0
7
357.0 477.0
-81.0 -193.0
133.0 -122.0
464.0 -345.0
366.0 -312.0
421.0 407.0
354.0 -419.0
7
94.0 -333.0
-444.0 -117.0
37.0 -292.0
-247.0 482.0
59.0 359.0
56.0 -45.0
-55.0 336.0
7
414.0 221.0
213.0 -335.0
463.0 -249.0
-37.0 460.0
-237.0 87.0
428.0 -13.0
-78.0 -420.0
7
216.0 -421.0
290.0 118.0
-273.0 -191.0
344.0 -373.0
369.0 -383.0
64.0 83.0
-136.0 114.0
7
-471.0 160.0
369.0 449.0
189.0 232.0
312.0 -452.0
-32.0 -255.0
472.0 345.0
-297.0 -468.0
7
125.0 -34.0
110.0 283.0
-16.0 -58.0
-412.0 -414.0
453.0 -225.0
-192.0 497.0
-268.0 -242.0
7
220.0 -303.0
33.0 -235.0
346.0 416.0
88.0 -265.0
-57.0 -293.0
-158.0 -121.0
34.0 -123.0
7
-167.0 3.0
-386.0 -137.0
403.0 -323.0
418.0 -420.0
63.0 -84.0
-71.0 36.0
-46.0 -419.0
7
-98.0 -15.0
195.0 -111.0
364.0 -252.0
-100.0 7.0
21.0 -131.0
198.0 270.0
-244.0 -369.0
7
-71.0 -285.0
397.0 341.0
91.0 81.0
268.0 -272.0
-463.0 275.0
325.0 21.0
119.0 -481.0
7
461.0 415.0
-381.0 179.0
-124.0 277.0
-258.0 -342.0
-172.0 -102.0
-438.0 178.0
173.0 454.0
7
207.0 251.0
429.0 -125.0
185.0 457.0
-482.0 -29.0
6.0 285.0
-277.0 -326.0
-350.0 447.0
7
-361.0 428.0
-72.0 -101.0
341.0 -112.0
-67.0 -481.0
-396.0 -308.0
243.0 -290.0
-58.0 481.0
7
-339.0 -219.0
348.0 206.0
489.0 -134.0
462.0 101.0
63.0 321.0
-61.0 305.0
345.0 -197.0
7
43.0 254.0
386.0 458.0
249.0 -52.0
485.0 -325.0
409.0 -413.0
-297.0 346.0
-127.0 444.0
7
165.0 141.0
243.0 -256.0
479.0 402.0
-94.0 210.0
313.0 44.0
-212.0 -25.0
492.0 -219.0
7
-215.0 -438.0
399.0 290.0
-202.0 -152.0
302.0 -436.0
-314.0 476.0
-430.0 -41.0
-266.0 -306.0
7
170.0 -267.0
460.0 348.0
73.0 318.0
-107.0 -239.0
351.0 181.0
-226.0 -108.0
-44.0 151.0
7
85.0 -91.0
-67.0 434.0
347.0 -392.0
-244.0 447.0
276.0 -436.0
-12.0 80.0
67.0 158.0
7
-293.0 -129.0
-230.0 -198.0
274.0 -26.0
-463.0 76.0
191.0 403.0
176.0 -488.0
-254.0 64.0
7
-479.0 -398.0
314.0 -418.0
324.0 -103.0
-495.0 -271.0
131.0 356.0
-384.0 -67.0
-273.0 44.0
7
-68.0 224.0
-421.0 -195.0
-492.0 -56.0
-113.0 83.0
-152.0 66.0
218.0 433.0
340.0 -166.0
7
104.0 291.0
415.0 -320.0
373.0 -160.0
496.0 -337.0
102.0 -316.0
329.0 -97.0
-114.0 -497.0
7
-79.0 463.0
137.0 380.0
-370.0 496.0
136.0 105.0
8.0 334.0
-398.0 208.0
455.0 3.0
7
359.0 350.0
-112.0 466.0
12.0 -292.0
323.0 233.0
-254.0 -365.0
-382.0 272.0
315.0 -362.0
7
397.0 -271.0
-127.0 -114.0
-234.0 322.0
-319.0 -131.0
203.0 -478.0
-26.0 424.0
181.0 48.0
7
399.0 -426.0
80.0 322.0
-79.0 78.0
344.0 -257.0
2.0 398.0
161.0 154.0
-431.0 -450.0
7
132.0 153.0
350.0 127.0
242.0 -369.0
226.0 179.0
147.0 -406.0
-378.0 -134.0
-122.0 240.0
7
-194.0 119.0
463.0 406.0
-78.0 -402.0
-164.0 125.0
229.0 435.0
-393.0 -267.0
-139.0 105.0
7
-255.0 227.0
-385.0 -234.0
-132.0 73.0
281.0 24.0
-286.0 89.0
257.0 -481.0
331.0 -57.0
7
336.0 478.0
-55.0 -433.0
482.0 412.0
-426.0 -457.0
100.0 481.0
40.0 471.0
166.0 385.0
7
186.0 152.0
64.0 387.0
-45.0 -237.0
467.0 166.0
154.0 290.0
337.0 63.0
-416.0 -175.0
7
-440.0 377.0
-27.0 -254.0
-60.0 8.0
500.0 443.0
-12.0 147.0
473.0 241.0
-456.0 99.0
7
-1.0 -329.0
-130.0 447.0
194.0 325.0
-267.0 323.0
440.0 152.0
-217.0 164.0
-375.0 376.0
7
-200.0 79.0
-490.0 -311.0
-139.0 -178.0
86.0 -205.0
344.0 -340.0
89.0 -263.0
484.0 438.0
7
-314.0 200.0
-81.0 449.0
-496.0 -385.0
-366.0 -297.0
-249.0 180.0
-119.0 184.0
-362.0 -336.0
7
-30.0 293.0
234.0 198.0
339.0 -331.0
77.0 -286.0
-23.0 -60.0
-153.0 377.0
333.0 186.0
7
-96.0 129.0
-185.0 179.0
463.0 246.0
-93.0 264.0
330.0 95.0
-404.0 -277.0
-363.0 431.0
7
169.0 -132.0
-136.0 -103.0
377.0 -84.0
-457.0 -488.0
-32.0 -450.0
417.0 -342.0
-247.0 -112.0
7
374.0 -223.0
-450.0 -304.0
395.0 260.0
-142.0 -109.0
373.0 500.0
102.0 -43.0
-185.0 -415.0
7
-409.0 -91.0
-133.0 386.0
463.0 -126.0
-373.0 167.0
-141.0 -145.0
-139.0 492.0
-472.0 163.0
7
27.0 390.0
248.0 -375.0
-481.0 -435.0
-168.0 -496.0
140.0 -298.0
246.0 -312.0
-123.0 -431.0
7
285.0 -347.0
-469.0 -148.0
-180.0 74.0
-39.0 -189.0
-491.0 -185.0
-278.0 372.0
-416.0 -114.0
7
42.0 480.0
187.0 -189.0
122.0 -199.0
209.0 -104.0
-121.0 281.0
-454.0 -456.0
-80.0 166.0
7
-244.0 -362.0
-320.0 438.0
252.0 499.0
21.0 -439.0
-6.0 -354.0
357.0 142.0
-373.0 -390.0
7
186.0 -140.0
88.0 165.0
444.0 492.0
-412.0 362.0
-101.0 -236.0
428.0 -117.0
480.0 -255.0
7
177.0 -36.0
256.0 -12.0
-178.0 -76.0
-83.0 -49.0
-206.0 -474.0
-272.0 52.0
215.0 -406.0
7
-271.0 -330.0
-62.0 -245.0
469.0 -439.0
-347.0 30.0
-273.0 481.0
317.0 312.0
-409.0 207.0
7
-211.0 -487.0
-235.0 24.0
-145.0 -24.0
350.0 310.0
250.0 460.0
72.0 20.0
165.0 218.0
7
-483.0 88.0
-128.0 -64.0
22.0 490.0
-382.0 -63.0
-351.0 -276.0
-46.0 -491.0
284.0 -107.0
7
-467.0 166.0
-305.0 48.0
476.0 447.0
448.0 -178.0
5.0 459.0
46.0 -121.0
213.0 21.0
7
442.0 190.0
43.0 -147.0
-307.0 -459.0
-305.0 -316.0
-85.0 -373.0
-70.0 317.0
318.0 -331.0
7
-411.0 361.0
41.0 -145.0
121.0 122.0
-143.0 416.0
-207.0 -340.0
-264.0 377.0
8.0 -449.0
7
-435.0 274.0
155.0 381.0
407.0 -47.0
-196.0 161.0
364.0 -92.0
-74.0 -266.0
252.0 57.0
7
-23.0 -131.0
122.0 190.0
472.0 -217.0
291.0 379.0
483.0 -87.0
181.0 -359.0
-63.0 213.0
7
-202.0 -213.0
236.0 -393.0
-307.0 -182.0
293.0 -51.0
-484.0 8.0
499.0 434.0
127.0 -413.0
7
270.0 -44.0
-113.0 -450.0
-339.0 90.0
485.0 -194.0
399.0 368.0
-267.0 56.0
-249.0 103.0
7
135.0 361.0
-481.0 -461.0
-335.0 -395.0
352.0 421.0
239.0 455.0
188.0 -370.0
-69.0 -217.0
7
-31.0 -477.0
242.0 184.0
-32.0 448.0
-334.0 131.0
-403.0 99.0
24.0 188.0
-237.0 358.0
7
-414.0 329.0
416.0 -50.0
283.0 -170.0
195.0 401.0
-437.0 160.0
265.0 55.0
415.0 -457.0
7
150.0 -182.0
-121.0 -469.0
234.0 -230.0
387.0 248.0
462.0 -238.0
57.0 -89.0
466.0 185.0
7
440.0 -170.0
-410.0 444.0
-329.0 397.0
-149.0 476.0
176.0 277.0
53.0 -264.0
-356.0 -27.0
7
85.0 88.0
-490.0 80.0
-138.0 -443.0
263.0 -321.0
-428.0 260.0
-248.0 249.0
25.0 -419.0
7
-414.0 338.0
413.0 -342.0
-213.0 342.0
-352.0 297.0
100.0 -465.0
493.0 -378.0
237.0 299.0
7
-10.0 78.0
292.0 490.0
-388.0 219.0
236.0 34.0
-366.0 -278.0
52.0 362.0
299.0 -214.0
7
-203.0 -88.0
-170.0 -314.0
446.0 -364.0
-180.0 -489.0
60.0 499.0
185.0 413.0
293.0 -487.0
7
188.0 477.0
343.0 -228.0
161.0 -429.0
185.0 -228.0
52.0 440.0
-24.0 -353.0
-174.0 -287.0
7
-312.0 388.0
-259.0 -302.0
-67.0 -342.0
496.0 -296.0
-431.0 -162.0
-376.0 437.0
-224.0 196.0
7
64.0 313.0
-473.0 -4.0
-137.0 419.0
-27.0 -291.0
-258.0 -132.0
271.0 -323.0
-189.0 419.0
7
358.0 -226.0
-183.0 -103.0
-51.0 -440.0
85.0 -443.0
379.0 -211.0
155.0 -457.0
-498.0 -125.0
7
-157.0 -157.0
-222.0 269.0
240.0 -201.0
-125.0 -355.0
102.0 -451.0
44.0 -117.0
141.0 409.0
7
54.0 -48.0
-159.0 -124.0
-278.0 219.0
237.0 454.0
-329.0 -130.0
388.0 -251.0
403.0 456.0
7
106.0 350.0
198.0 312.0
41.0 99.0
374.0 441.0
66.0 23.0
9.0 -133.0
301.0 102.0
7
341.0 48.0
347.0 -333.0
-127.0 -313.0
-110.0 319.0
240.0 486.0
-34.0 -433.0
451.0 347.0
7
-324.0 -168.0
-243.0 91.0
299.0 162.0
-154.0 486.0
165.0 -278.0
424.0 448.0
-13.0 -344.0
7
146.0 -493.0
-330.0 -457.0
494.0 -374.0
190.0 115.0
302.0 305.0
-461.0 -433.0
-387.0 461.0
7
495.0 -185.0
233.0 38.0
-94.0 345.0
195.0 -419.0
-262.0 360.0
488.0 -164.0
447.0 14.0
7
-450.0 308.0
329.0 -311.0
-13.0 261.0
306.0 -265.0
-347.0 -181.0
3.0 42.0
-310.0 -113.0
7
-336.0 173.0
20.0 476.0
-403.0 205.0
-387.0 159.0
-478.0 471.0
-206.0 282.0
-104.0 -174.0
7
-480.0 -308.0
-484.0 -117.0
409.0 -174.0
-398.0 424.0
459.0 -303.0
285.0 -186.0
386.0 270.0
7
174.0 -464.0
280.0 253.0
263.0 462.0
474.0 -116.0
-178.0 -104.0
338.0 -249.0
27.0 -38.0
7
380.0 -41.0
-188.0 -272.0
-454.0 120.0
-440.0 -255.0
494.0 93.0
-472.0 407.0
-393.0 326.0
7
-305.0 -49.0
84.0 421.0
-211.0 -380.0
127.0 -211.0
-233.0 -206.0
-164.0 197.0
-271.0 -438.0
7
201.0 32.0
-347.0 -363.0
-423.0 -184.0
-421.0 41.0
-422.0 461.0
136.0 275.0
-128.0 -136.0
7
356.0 -155.0
407.0 -24.0
104.0 433.0
-235.0 -421.0
-68.0 -492.0
-456.0 -406.0
-285.0 499.0
7
-212.0 296.0
196.0 396.0
-366.0 264.0
86.0 286.0
-117.0 -257.0
-93.0 -11.0
144.0 95.0
7
168.0 397.0
-154.0 241.0
-198.0 -80.0
87.0 -382.0
44.0 -49.0
-370.0 280.0
434.0 268.0
7
-499.0 206.0
-81.0 450.0
28.0 238.0
208.0 -478.0
-61.0 -227.0
-52.0 88.0
151.0 -403.0
7
-186.0 495.0
-268.0 13.0
203.0 370.0
12.0 417.0
-353.0 -137.0
-363.0 252.0
-361.0 -270.0
7
-455.0 469.0
306.0 8.0
-75.0 -6.0
-351.0 77.0
73.0 15.0
53.0 176.0
316.0 -468.0
7
196.0 194.0
-185.0 -130.0
-47.0 -285.0
-247.0 -445.0
451.0 -305.0
84.0 -361.0
-357.0 22.0
7
-193.0 -378.0
-237.0 26.0
-97.0 -168.0
192.0 393.0
-46.0 110.0
-292.0 -59.0
370.0 168.0
7
-377.0 -253.0
-299.0 -83.0
-201.0 101.0
-405.0 430.0
-245.0 305.0
-176.0 249.0
493.0 -183.0
7
491.0 440.0
31.0 -234.0
310.0 332.0
-56.0 -412.0
95.0 -229.0
123.0 -69.0
400.0 -35.0
7
-495.0 -294.0
115.0 -168.0
141.0 119.0
282.0 -105.0
-303.0 -485.0
-129.0 33.0
470.0 -462.0
7
-290.0 -214.0
-400.0 -180.0
137.0 261.0
-6.0 -79.0
477.0 48.0
342.0 271.0
-320.0 310.0
7
-360.0 153.0
-396.0 464.0
-299.0 382.0
-125.0 90.0
444.0 -266.0
307.0 -118.0
-310.0 109.0
7
-390.0 -258.0
-105.0 -450.0
138.0 -392.0
161.0 -123.0
46.0 413.0
-138.0 299.0
-50.0 475.0
7
84.0 -362.0
-458.0 -248.0
56.0 -425.0
-248.0 453.0
-403.0 -35.0
26.0 494.0
-69.0 101.0
7
291.0 230.0
372.0 -20.0
-24.0 -20.0
-333.0 319.0
-72.0 -31.0
-295.0 496.0
-377.0 -457.0
7
-86.0 132.0
-241.0 35.0
228.0 270.0
450.0 488.0
-451.0 88.0
397.0 -289.0
141.0 33.0
7
-289.0 -238.0
426.0 -326.0
-242.0 441.0
-209.0 238.0
285.0 277.0
-210.0 247.0
-150.0 -72.0
7
293.0 -375.0
-160.0 -381.0
-44.0 237.0
-28.0 442.0
193.0 416.0
-334.0 354.0
-165.0 -294.0
7
121.0 -393.0
-71.0 463.0
224.0 -86.0
374.0 6.0
-2.0 -12.0
500.0 -103.0
36.0 253.0
7
-296.0 60.0
113.0 43.0
-313.0 272.0
-156.0 205.0
-214.0 -30.0
138.0 -307.0
345.0 -489.0
7
483.0 -119.0
14.0 38.0
230.0 -355.0
242.0 -413.0
-175.0 -128.0
35.0 435.0
163.0 -444.0
7
432.0 294.0
109.0 71.0
448.0 -328.0
280.0 -485.0
-45.0 -338.0
-14.0 307.0
-156.0 335.0
7
45.0 64.0
-426.0 88.0
-236.0 -284.0
-17.0 221.0
166.0 -265.0
-173.0 213.0
-320.0 -25.0
7
106.0 221.0
-190.0 47.0
-500.0 -167.0
-113.0 142.0
258.0 -390.0
-165.0 14.0
-174.0 118.0
7
179.0 82.0
-332.0 -248.0
185.0 -76.0
178.0 -203.0
387.0 388.0
-195.0 85.0
151.0 -272.0
7
-240.0 316.0
-191.0 142.0
432.0 314.0
-45.0 -223.0
423.0 -50.0
74.0 380.0
391.0 203.0
7
396.0 -93.0
265.0 -434.0
-330.0 -163.0
-495.0 117.0
-405.0 477.0
169.0 3.0
234.0 -68.0
7
301.0 115.0
-138.0 -320.0
433.0 -394.0
471.0 -413.0
-350.0 -57.0
110.0 -40.0
358.0 -271.0
7
291.0 100.0
-483.0 69.0
-314.0 -445.0
342.0 150.0
204.0 289.0
-171.0 -313.0
-159.0 -131.0
7
261.0 -258.0
221.0 -38.0
-210.0 178.0
275.0 -58.0
-11.0 -138.0
-139.0 194.0
127.0 135.0
7
-436.0 229.0
-334.0 356.0
308.0 -58.0
-318.0 -88.0
-273.0 108.0
-105.0 -64.0
-289.0 -281.0
7
-176.0 340.0
375.0 475.0
393.0 -30.0
492.0 -350.0
276.0 302.0
480.0 269.0
258.0 -460.0
7
305.0 -5.0
-218.0 28.0
248.0 -344.0
-304.0 47.0
-104.0 301.0
206.0 209.0
325.0 144.0
7
135.0 -209.0
357.0 -469.0
95.0 -370.0
210.0 190.0
478.0 -296.0
-313.0 -412.0
272.0 -302.0
7
403.0 -410.0
-463.0 -145.0
-397.0 133.0
248.0 158.0
-196.0 -393.0
-62.0 -410.0
-224.0 -182.0
7
-135.0 39.0
195.0 73.0
387.0 247.0
86.0 -32.0
-276.0 -488.0
-397.0 150.0
284.0 -367.0
7
-36.0 30.0
-125.0 5.0
-481.0 -359.0
198.0 206.0
476.0 188.0
-426.0 -346.0
8.0 -384.0
7
133.0 -134.0
294.0 -423.0
409.0 -420.0
21.0 -272.0
-307.0 -123.0
9.0 -428.0
263.0 112.0
7
12.0 440.0
369.0 -403.0
360.0 209.0
463.0 211.0
380.0 481.0
344.0 -208.0
321.0 437.0
7
-297.0 -157.0
-294.0 65.0
25.0 -421.0
-221.0 -380.0
-300.0 424.0
118.0 -446.0
-23.0 418.0
7
-446.0 300.0
-224.0 293.0
-43.0 -111.0
247.0 -347.0
-242.0 -69.0
199.0 237.0
-72.0 -414.0
7
369.0 216.0
-199.0 -134.0
-429.0 178.0
-184.0 209.0
305.0 144.0
393.0 189.0
-340.0 -348.0
7
167.0 303.0
119.0 88.0
49.0 58.0
246.0 44.0
105.0 -12.0
9.0 -173.0
-420.0 -138.0
7
-386.0 431.0
35.0 250.0
-132.0 260.0
-250.0 -164.0
-455.0 -5.0
120.0 87.0
32.0 291.0
7
-387.0 -432.0
-265.0 -369.0
476.0 206.0
397.0 107.0
82.0 431.0
175.0 -471.0
381.0 79.0
7
407.0 -126.0
-421.0 -146.0
29.0 325.0
489.0 43.0
-439.0 366.0
170.0 134.0
-176.0 -343.0
7
-68.0 275.0
-455.0 370.0
42.0 242.0
-457.0 211.0
-18.0 -436.0
-469.0 -165.0
170.0 -55.0
7
-103.0 -163.0
441.0 -23.0
36.0 447.0
-351.0 -341.0
277.0 336.0
-277.0 229.0
424.0 -408.0
7
202.0 -471.0
-67.0 -246.0
-5.0 371.0
-86.0 214.0
202.0 -449.0
378.0 -309.0
-5.0 -323.0
7
48.0 99.0
270.0 154.0
-348.0 -352.0
206.0 -77.0
-19.0 469.0
222.0 -289.0
-274.0 446.0
7
55.0 279.0
-326.0 -57.0
328.0 -125.0
-400.0 304.0
-40.0 413.0
-325.0 140.0
-311.0 -446.0
7
115.0 337.0
-451.0 135.0
-296.0 -175.0
24.0 426.0
-462.0 338.0
-239.0 317.0
-383.0 231.0
7
218.0 452.0
-239.0 -291.0
365.0 174.0
89.0 279.0
-188.0 366.0
188.0 -272.0
312.0 371.0
7
487.0 240.0
118.0 224.0
-480.0 -3.0
-7.0 28.0
16.0 -52.0
-473.0 134.0
294.0 -376.0
7
386.0 34.0
-372.0 -141.0
-332.0 100.0
-368.0 440.0
212.0 -127.0
-310.0 -355.0
-130.0 -38.0
7
344.0 366.0
207.0 240.0
-311.0 239.0
147.0 351.0
234.0 -13.0
231.0 221.0
-25.0 494.0
7
-287.0 -111.0
351.0 53.0
331.0 230.0
198.0 -220.0
-433.0 -44.0
-333.0 304.0
360.0 -174.0
7
240.0 -498.0
-26.0 -268.0
-107.0 264.0
225.0 283.0
20.0 201.0
-90.0 -495.0
-249.0 -182.0
7
459.0 5.0
466.0 -225.0
-496.0 350.0
396.0 -127.0
112.0 94.0
-84.0 -237.0
356.0 363.0
7
78.0 -261.0
137.0 368.0
-259.0 254.0
478.0 -227.0
-377.0 458.0
-93.0 -395.0
423.0 -443.0
7
-59.0 372.0
-91.0 378.0
-137.0 91.0
-459.0 72.0
-18.0 -160.0
2.0 -235.0
-316.0 -333.0
7
148.0 318.0
-116.0 -430.0
345.0 68.0
290.0 -134.0
466.0 39.0
-215.0 -105.0
-490.0 488.0
7
-423.0 -348.0
102.0 -29.0
-57.0 498.0
-470.0 265.0
229.0 -447.0
316.0 488.0
113.0 486.0
7
41.0 378.0
-27.0 -305.0
-422.0 -426.0
112.0 218.0
445.0 -30.0
372.0 -114.0
-85.0 472.0
7
-401.0 399.0
296.0 -323.0
-109.0 137.0
40.0 103.0
-96.0 -185.0
-215.0 -85.0
-71.0 224.0
7
330.0 243.0
-45.0 -123.0
-425.0 305.0
-388.0 -430.0
4.0 -123.0
91.0 446.0
-113.0 233.0
7
-271.0 313.0
-468.0 287.0
-198.0 178.0
-187.0 487.0
-52.0 -285.0
-373.0 -176.0
378.0 -303.0
7
122.0 54.0
-375.0 -165.0
-374.0 285.0
-245.0 489.0
-412.0 265.0
-336.0 166.0
-442.0 59.0
7
268.0 -364.0
68.0 -96.0
79.0 -227.0
482.0 115.0
-319.0 -456.0
-180.0 -381.0
222.0 -240.0
7
-392.0 -224.0
-334.0 -227.0
487.0 221.0
222.0 -301.0
-446.0 219.0
-423.0 -32.0
-144.0 -79.0
7
168.0 -376.0
-114.0 266.0
476.0 375.0
-357.0 -58.0
-119.0 -109.0
-162.0 400.0
254.0 -322.0
7
-440.0 96.0
-158.0 485.0
453.0 -113.0
-36.0 455.0
64.0 447.0
103.0 -253.0
-79.0 -118.0
7
79.0 -359.0
-483.0 379.0
492.0 -21.0
264.0 226.0
252.0 -120.0
-77.0 -182.0
120.0 142.0
7
92.0 -482.0
461.0 -134.0
-185.0 82.0
35.0 214.0
-21.0 -52.0
463.0 -267.0
234.0 -467.0
7
-399.0 115.0
287.0 382.0
325.0 -150.0
-115.0 -109.0
130.0 168.0
-473.0 486.0
137.0 -167.0
7
137.0 86.0
-495.0 -100.0
-470.0 -405.0
-288.0 -106.0
-356.0 213.0
93.0 -343.0
-35.0 160.0
7
-114.0 403.0
-296.0 -165.0
-169.0 184.0
74.0 -282.0
-391.0 -14.0
355.0 124.0
345.0 323.0
7
-48.0 -155.0
-449.0 104.0
251.0 40.0
-291.0 29.0
-241.0 216.0
69.0 97.0
-80.0 271.0
7
-155.0 -102.0
164.0 415.0
252.0 -17.0
-428.0 -368.0
-109.0 -427.0
-428.0 -16.0
-266.0 426.0
7
-491.0 467.0
-447.0 -161.0
431.0 483.0
-153.0 396.0
104.0 440.0
-6.0 -394.0
463.0 376.0
7
198.0 -329.0
63.0 311.0
-152.0 -282.0
-444.0 -342.0
101.0 -238.0
-378.0 -168.0
-466.0 12.0
7
340.0 406.0
-226.0 -341.0
429.0 -285.0
104.0 447.0
243.0 -164.0
-188.0 -295.0
361.0 -201.0
7
-65.0 -11.0
345.0 -222.0
344.0 295.0
192.0 -399.0
76.0 442.0
-181.0 24.0
244.0 205.0
7
275.0 46.0
354.0 -191.0
400.0 24.0
-463.0 -410.0
-205.0 140.0
168.0 222.0
349.0 -46.0
7
378.0 -142.0
274.0 -38.0
87.0 -385.0
-274.0 -410.0
-148.0 461.0
-154.0 167.0
269.0 429.0
7
265.0 -423.0
-326.0 293.0
-217.0 -497.0
287.0 -37.0
-123.0 -178.0
133.0 -267.0
-460.0 -208.0
7
-51.0 -132.0
356.0 -10.0
346.0 439.0
209.0 353.0
232.0 -131.0
-47.0 -393.0
-458.0 -72.0
7
122.0 223.0
240.0 -263.0
458.0 492.0
-45.0 146.0
213.0 -263.0
190.0 39.0
354.0 -444.0
7
-56.0 -392.0
107.0 -41.0
77.0 -282.0
-1.0 -398.0
149.0 323.0
286.0 42.0
410.0 -372.0
7
451.0 -376.0
26.0 -366.0
-475.0 -402.0
-116.0 -277.0
-167.0 303.0
479.0 -285.0
325.0 337.0
7
149.0 288.0
131.0 -462.0
-452.0 406.0
311.0 -235.0
-494.0 -136.0
187.0 -342.0
166.0 342.0
7
119.0 -256.0
-212.0 -224.0
218.0 -64.0
128.0 282.0
-149.0 162.0
-144.0 -56.0
42.0 220.0
7
169.0 147.0
376.0 250.0
477.0 -283.0
-70.0 7.0
488.0 -379.0
339.0 -228.0
-362.0 88.0
7
-420.0 264.0
295.0 -64.0
51.0 -384.0
465.0 252.0
-322.0 169.0
288.0 376.0
60.0 407.0
7
-189.0 55.0
228.0 453.0
265.0 -78.0
-397.0 147.0
8.0 36.0
-140.0 -407.0
148.0 233.0
7
235.0 -421.0
-277.0 -18.0
285.0 -469.0
253.0 -402.0
-228.0 -212.0
-339.0 -165.0
108.0 -186.0
7
462.0 -105.0
499.0 -446.0
-72.0 -41.0
-369.0 -430.0
98.0 455.0
-394.0 392.0
-363.0 381.0
7
457.0 -401.0
-381.0 -370.0
-371.0 -36.0
-228.0 -333.0
-472.0 147.0
-311.0 152.0
-488.0 -139.0
7
-239.0 29.0
256.0 41.0
-42.0 -272.0
-42.0 -363.0
158.0 -357.0
-179.0 490.0
442.0 334.0
7
93.0 -49.0
461.0 -270.0
447.0 320.0
289.0 54.0
456.0 324.0
155.0 -458.0
217.0 438.0
7
133.0 419.0
-279.0 -24.0
106.0 85.0
416.0 -499.0
-126.0 334.0
73.0 317.0
317.0 -147.0
7
324.0 402.0
-202.0 -243.0
173.0 -301.0
123.0 272.0
-6.0 -68.0
-352.0 -190.0
457.0 -101.0
7
-184.0 205.0
-249.0 297.0
343.0 259.0
-460.0 452.0
55.0 443.0
306.0 142.0
-393.0 -332.0
7
47.0 -336.0
-69.0 -12.0
-327.0 -487.0
-186.0 70.0
-366.0 183.0
433.0 384.0
78.0 265.0
7
202.0 336.0
-357.0 -440.0
-132.0 386.0
-387.0 340.0
113.0 485.0
272.0 -58.0
456.0 160.0
7
51.0 466.0
-164.0 -413.0
129.0 347.0
-86.0 -428.0
-463.0 17.0
156.0 -326.0
392.0 394.0
7
443.0 394.0
460.0 242.0
155.0 446.0
380.0 -450.0
251.0 44.0
-107.0 177.0
91.0 95.0
7
-11.0 413.0
-12.0 109.0
-426.0 230.0
413.0 235.0
425.0 275.0
267.0 344.0
47.0 222.0
7
298.0 364.0
490.0 -87.0
315.0 352.0
-386.0 263.0
179.0 -476.0
-171.0 -340.0
368.0 -96.0
7
255.0 4.0
361.0 492.0
127.0 100.0
-186.0 174.0
-435.0 184.0
10.0 64.0
350.0 433.0
7
-298.0 -362.0
309.0 384.0
-429.0 -451.0
-71.0 -418.0
257.0 -156.0
-394.0 -366.0
297.0 -323.0
7
153.0 -427.0
-119.0 -361.0
-114.0 -446.0
-500.0 -393.0
359.0 -287.0
276.0 -104.0
-54.0 -403.0
7
389.0 210.0
-244.0 -117.0
477.0 79.0
359.0 147.0
388.0 -54.0
-315.0 -39.0
249.0 181.0
7
35.0 -484.0
102.0 -378.0
449.0 -214.0
459.0 184.0
-417.0 -187.0
-325.0 418.0
14.0 492.0
7
49.0 416.0
265.0 483.0
-452.0 343.0
-214.0 246.0
-164.0 336.0
-95.0 -361.0
-44.0 -102.0
7
-332.0 -273.0
-485.0 243.0
-51.0 -35.0
70.0 -367.0
-29.0 -273.0
489.0 -330.0
439.0 -69.0
7
-388.0 283.0
-206.0 93.0
-107.0 252.0
468.0 -294.0
-364.0 -45.0
475.0 174.0
180.0 -494.0
7
-391.0 -402.0
-38.0 -182.0
-404.0 -83.0
324.0 261.0
-13.0 -490.0
-270.0 223.0
78.0 365.0
7
-2.0 -371.0
87.0 437.0
101.0 -483.0
111.0 165.0
-116.0 200.0
159.0 -148.0
-133.0 -233.0
7
282.0 361.0
-372.0 185.0
-283.0 -339.0
-118.0 401.0
35.0 469.0
55.0 249.0
-275.0 238.0
7
-106.0 -156.0
-449.0 -191.0
-15.0 -299.0
238.0 -54.0
421.0 -117.0
-79.0 -119.0
149.0 -29.0
7
-63.0 166.0
391.0 30.0
-167.0 -141.0
373.0 -92.0
-32.0 177.0
346.0 -134.0
-10.0 -375.0
7
129.0 -223.0
258.0 3.0
-119.0 162.0
275.0 -193.0
-218.0 238.0
-140.0 327.0
379.0 450.0
7
-455.0 -146.0
-216.0 271.0
-490.0 -173.0
117.0 -432.0
-223.0 -55.0
-491.0 389.0
-81.0 -284.0
7
-325.0 380.0
-17.0 -461.0
-107.0 235.0
-408.0 165.0
370.0 333.0
-109.0 -94.0
134.0 415.0
7
134.0 -417.0
-333.0 478.0
-196.0 243.0
169.0 434.0
-239.0 14.0
-25.0 70.0
-63.0 21.0
7
283.0 -71.0
247.0 206.0
-275.0 326.0
356.0 267.0
-114.0 276.0
-136.0 -197.0
-210.0 215.0
7
232.0 -163.0
241.0 118.0
-203.0 358.0
-174.0 -301.0
427.0 -196.0
-100.0 -87.0
61.0 286.0
7
-144.0 -107.0
-407.0 -267.0
-354.0 161.0
-217.0 -288.0
-312.0 116.0
-395.0 89.0
393.0 376.0
7
-226.0 98.0
-456.0 74.0
-333.0 -228.0
-129.0 -239.0
159.0 -431.0
-469.0 -89.0
-116.0 -144.0
7
-432.0 272.0
232.0 467.0
-393.0 242.0
-191.0 -93.0
347.0 -126.0
-115.0 -408.0
-160.0 -211.0
7
-437.0 -174.0
179.0 -471.0
-39.0 139.0
-396.0 196.0
-172.0 -273.0
-46.0 -59.0
-130.0 -131.0
7
425.0 337.0
238.0 16.0
-322.0 -98.0
-276.0 66.0
-434.0 247.0
291.0 300.0
-232.0 391.0
7
-453.0 442.0
175.0 -118.0
495.0 -373.0
-152.0 282.0
-392.0 -426.0
-444.0 -335.0
333.0 368.0
7
-291.0 175.0
375.0 -209.0
-375.0 -178.0
-109.0 -416.0
-133.0 161.0
405.0 41.0
-313.0 -46.0
7
-117.0 -228.0
294.0 -284.0
-254.0 -320.0
-343.0 -26.0
449.0 111.0
384.0 139.0
-187.0 -2.0
7
-101.0 249.0
-252.0 -477.0
402.0 -465.0
489.0 497.0
-381.0 -236.0
301.0 130.0
112.0 -296.0
7
446.0 -222.0
-279.0 -386.0
-338.0 -110.0
-252.0 -222.0
9.0 -234.0
214.0 61.0
-310.0 -136.0
7
-163.0 233.0
-167.0 46.0
-196.0 -426.0
68.0 -67.0
-337.0 410.0
15.0 153.0
-119.0 -224.0
7
-322.0 -441.0
135.0 323.0
-3.0 -10.0
392.0 -232.0
-159.0 108.0
326.0 -357.0
-413.0 479.0
7
365.0 -169.0
132.0 -470.0
-330.0 225.0
-177.0 199.0
349.0 -323.0
-319.0 133.0
311.0 201.0
7
292.0 416.0
329.0 -98.0
60.0 40.0
-323.0 -307.0
-314.0 231.0
-34.0 -139.0
-474.0 -137.0
7
-230.0 156.0
428.0 267.0
142.0 -487.0
384.0 -141.0
87.0 35.0
366.0 273.0
-180.0 -205.0
7
-44.0 -7.0
6.0 25.0
-336.0 359.0
-462.0 -48.0
-43.0 134.0
-346.0 -37.0
231.0 -299.0
7
-212.0 218.0
-149.0 373.0
297.0 137.0
94.0 -50.0
-217.0 14.0
106.0 175.0
346.0 422.0
7
112.0 -265.0
-184.0 -439.0
-32.0 -145.0
-324.0 293.0
158.0 93.0
450.0 -258.0
107.0 145.0
7
329.0 298.0
-318.0 -382.0
141.0 392.0
-114.0 -132.0
416.0 477.0
121.0 -194.0
-133.0 -469.0
7
31.0 239.0
-125.0 -196.0
20.0 151.0
-47.0 433.0
353.0 27.0
176.0 498.0
21.0 312.0
7
404.0 323.0
-61.0 -358.0
491.0 307.0
-496.0 67.0
342.0 -34.0
398.0 67.0
260.0 278.0
7
-31.0 424.0
-97.0 -241.0
-24.0 -299.0
-353.0 -280.0
107.0 247.0
79.0 483.0
107.0 -408.0
7
-416.0 331.0
480.0 -451.0
408.0 -365.0
-173.0 50.0
-459.0 -2.0
-124.0 -95.0
-332.0 -261.0
7
250.0 271.0
22.0 -317.0
473.0 401.0
459.0 411.0
-96.0 -376.0
-161.0 -342.0
-269.0 -292.0
7
174.0 325.0
6.0 346.0
-340.0 13.0
9.0 392.0
397.0 448.0
116.0 -163.0
-351.0 -422.0
7
119.0 -356.0
-437.0 -270.0
176.0 -453.0
11.0 -78.0
425.0 481.0
-99.0 192.0
99.0 175.0
7
82.0 388.0
-310.0 -372.0
452.0 -297.0
365.0 190.0
-122.0 69.0
27.0 475.0
373.0 -163.0
7
-307.0 -151.0
270.0 -409.0
226.0 346.0
323.0 447.0
-486.0 382.0
-160.0 -333.0
-488.0 -259.0
7
-108.0 208.0
477.0 464.0
209.0 -455.0
19.0 142.0
-141.0 -381.0
473.0 -340.0
-93.0 -498.0
7
444.0 441.0
194.0 -217.0
-255.0 -358.0
443.0 -499.0
88.0 386.0
219.0 -19.0
131.0 -229.0
7
-426.0 443.0
-427.0 -263.0
-304.0 -186.0
-395.0 83.0
-216.0 60.0
-239.0 -279.0
-87.0 120.0
7
-309.0 -126.0
-287.0 17.0
184.0 372.0
129.0 -255.0
174.0 380.0
303.0 -374.0
-421.0 -178.0
7
336.0 -264.0
-65.0 -199.0
-235.0 -463.0
276.0 -290.0
461.0 288.0
-135.0 113.0
-44.0 -306.0
7
-52.0 -448.0
381.0 176.0
99.0 -358.0
135.0 -397.0
-57.0 255.0
36.0 -351.0
-260.0 -73.0
7
29.0 -500.0
-316.0 -286.0
-45.0 -345.0
-366.0 430.0
449.0 -240.0
-398.0 -133.0
161.0 -104.0
7
363.0 -311.0
197.0 468.0
-185.0 393.0
393.0 -485.0
232.0 472.0
68.0 -388.0
-46.0 59.0
7
-300.0 418.0
65.0 -487.0
225.0 -294.0
-154.0 239.0
80.0 247.0
-257.0 -163.0
8.0 327.0
7
-448.0 -465.0
-254.0 -213.0
-436.0 246.0
-211.0 181.0
-344.0 -258.0
-195.0 -217.0
-170.0 178.0
7
-93.0 354.0
314.0 -265.0
375.0 81.0
121.0 181.0
-280.0 -54.0
-17.0 -111.0
-215.0 -224.0
7
-97.0 -99.0
243.0 -287.0
126.0 -375.0
127.0 194.0
-208.0 135.0
243.0 -355.0
-25.0 140.0
7
-293.0 5.0
-198.0 -488.0
-60.0 -172.0
48.0 -73.0
-427.0 164.0
-322.0 -224.0
367.0 166.0
7
-88.0 128.0
-285.0 350.0
-433.0 -102.0
381.0 -71.0
477.0 76.0
-440.0 333.0
-315.0 495.0
7
-259.0 -456.0
266.0 151.0
10.0 408.0
-310.0 -221.0
229.0 365.0
369.0 -110.0
-135.0 232.0
7
-419.0 136.0
276.0 453.0
-438.0 19.0
490.0 11.0
391.0 -51.0
-199.0 -15.0
-490.0 -275.0
7
56.0 197.0
387.0 265.0
-253.0 -4.0
-28.0 -157.0
62.0 289.0
-377.0 -415.0
17.0 -424.0
7
-169.0 494.0
388.0 -167.0
-479.0 23.0
-427.0 373.0
343.0 64.0
435.0 -481.0
51.0 -62.0
7
-172.0 -441.0
295.0 436.0
471.0 -158.0
-54.0 497.0
424.0 456.0
78.0 -230.0
279.0 -361.0
7
-499.0 46.0
-57.0 16.0
285.0 465.0
-310.0 -399.0
-486.0 -104.0
-170.0 -236.0
288.0 -371.0
7
-113.0 152.0
355.0 279.0
-108.0 -181.0
-397.0 303.0
77.0 135.0
369.0 243.0
-456.0 -261.0
7
-241.0 456.0
-357.0 277.0
-30.0 306.0
217.0 -373.0
221.0 448.0
176.0 317.0
288.0 220.0
7
258.0 141.0
-428.0 -248.0
405.0 490.0
-310.0 119.0
-328.0 -106.0
-134.0 -399.0
-487.0 -183.0
7
-352.0 357.0
443.0 337.0
183.0 496.0
-147.0 435.0
-148.0 -254.0
-405.0 -418.0
-191.0 112.0
7
-432.0 50.0
-43.0 126.0
-174.0 -50.0
24.0 -368.0
483.0 -275.0
62.0 -76.0
339.0 106.0
7
37.0 103.0
-296.0 -345.0
-46.0 -89.0
-354.0 169.0
-392.0 98.0
14.0 -290.0
-112.0 324.0
7
495.0 -335.0
403.0 26.0
113.0 317.0
497.0 -376.0
-70.0 -190.0
228.0 21.0
-48.0 -145.0
7
-295.0 336.0
-478.0 439.0
-97.0 167.0
127.0 102.0
250.0 489.0
-265.0 93.0
-128.0 258.0
7
50.0 -186.0
-328.0 257.0
-313.0 109.0
210.0 12.0
79.0 -340.0
-17.0 326.0
-425.0 121.0
7
250.0 291.0
123.0 -333.0
481.0 489.0
-143.0 -290.0
102.0 381.0
375.0 -55.0
-225.0 -499.0
7
491.0 44.0
358.0 12.0
106.0 256.0
-241.0 -237.0
-43.0 -347.0
-133.0 121.0
268.0 -493.0
7
-349.0 -322.0
-26.0 283.0
-10.0 254.0
-105.0 220.0
-260.0 -96.0
-492.0 449.0
-28.0 -406.0
7
324.0 40.0
421.0 65.0
-439.0 -447.0
-351.0 37.0
318.0 -31.0
-42.0 -3.0
420.0 -471.0
7
-421.0 146.0
163.0 -151.0
-12.0 -26.0
123.0 125.0
278.0 -222.0
-190.0 -86.0
148.0 -205.0
7
76.0 448.0
485.0 369.0
372.0 -58.0
-298.0 431.0
246.0 364.0
425.0 444.0
-294.0 -441.0
7
433.0 -370.0
222.0 -329.0
61.0 -311.0
90.0 318.0
-470.0 184.0
176.0 409.0
-40.0 -46.0
7
384.0 -483.0
-10.0 -290.0
-170.0 14.0
-212.0 -11.0
-433.0 -73.0
-496.0 479.0
210.0 437.0
7
24.0 -432.0
124.0 -46.0
462.0 79.0
379.0 472.0
-476.0 -244.0
-254.0 78.0
43.0 97.0
7
52.0 -8.0
210.0 -235.0
112.0 255.0
196.0 -197.0
-152.0 -486.0
-36.0 -377.0
-411.0 306.0
7
98.0 315.0
-403.0 -126.0
-175.0 -387.0
140.0 1.0
269.0 -422.0
-54.0 403.0
-75.0 435.0
7
311.0 418.0
-273.0 -409.0
-209.0 -285.0
-342.0 404.0
-65.0 -479.0
-455.0 -289.0
500.0 -246.0
7
245.0 303.0
150.0 205.0
-431.0 134.0
361.0 419.0
323.0 -202.0
-162.0 -395.0
-343.0 -207.0
7
-299.0 269.0
-333.0 -7.0
132.0 148.0
387.0 254.0
338.0 -349.0
-20.0 178.0
309.0 -24.0
7
-81.0 -379.0
-329.0 392.0
461.0 124.0
162.0 485.0
390.0 -199.0
-60.0 1.0
477.0 105.0
7
-362.0 -33.0
-186.0 172.0
418.0 324.0
-327.0 -75.0
-115.0 199.0
-208.0 -451.0
325.0 -87.0
7
-155.0 16.0
-476.0 -184.0
-180.0 -442.0
-36.0 300.0
256.0 -35.0
-341.0 415.0
191.0 91.0
7
-13.0 -369.0
374.0 -146.0
-163.0 -406.0
220.0 309.0
377.0 -11.0
-93.0 -111.0
-49.0 -146.0
7
20.0 327.0
-202.0 -468.0
-85.0 -384.0
73.0 347.0
-343.0 -381.0
-337.0 490.0
-318.0 392.0
7
-453.0 377.0
50.0 -148.0
-483.0 -279.0
497.0 453.0
311.0 147.0
-1.0 248.0
344.0 40.0
7
461.0 -359.0
-123.0 307.0
52.0 424.0
37.0 286.0
-146.0 108.0
268.0 -347.0
-322.0 233.0
7
479.0 -12.0
-417.0 -252.0
492.0 283.0
-91.0 301.0
172.0 -70.0
436.0 427.0
67.0 411.0
7
442.0 -175.0
274.0 31.0
254.0 343.0
-306.0 261.0
-86.0 432.0
479.0 497.0
-184.0 60.0
7
-270.0 150.0
238.0 391.0
347.0 410.0
435.0 356.0
482.0 379.0
-489.0 180.0
-332.0 147.0
7
-153.0 -287.0
-239.0 -499.0
292.0 378.0
-255.0 152.0
219.0 -340.0
263.0 -46.0
186.0 251.0
7
-305.0 163.0
477.0 -451.0
149.0 190.0
42.0 82.0
-278.0 101.0
234.0 -328.0
314.0 -202.0
7
152.0 376.0
-396.0 -397.0
468.0 -185.0
473.0 426.0
354.0 490.0
-450.0 -385.0
-426.0 -307.0
7
471.0 473.0
-114.0 425.0
-141.0 -292.0
-347.0 -257.0
289.0 -40.0
-223.0 -252.0
-417.0 -379.0
7
313.0 -370.0
-131.0 -345.0
479.0 -84.0
422.0 218.0
-293.0 -328.0
-259.0 -255.0
102.0 29.0
7
-293.0 -169.0
-467.0 -223.0
-435.0 211.0
-109.0 -428.0
402.0 -253.0
311.0 245.0
-1.0 -333.0
7
-267.0 -55.0
-293.0 490.0
349.0 200.0
39.0 -480.0
-132.0 397.0
-277.0 -40.0
-281.0 77.0
7
327.0 273.0
-216.0 437.0
-215.0 453.0
342.0 -232.0
470.0 -53.0
70.0 -68.0
-282.0 -459.0
7
389.0 -315.0
251.0 -365.0
228.0 275.0
421.0 -257.0
-113.0 -474.0
418.0 -246.0
150.0 69.0
7
499.0 132.0
-81.0 -119.0
320.0 44.0
31.0 206.0
-357.0 -156.0
168.0 124.0
-142.0 -58.0
7
-459.0 -359.0
327.0 160.0
-237.0 -413.0
253.0 423.0
-460.0 -222.0
154.0 35.0
-141.0 129.0
7
115.0 237.0
-405.0 -64.0
202.0 185.0
-255.0 -6.0
266.0 57.0
-139.0 -58.0
461.0 246.0
7
351.0 -366.0
-269.0 -397.0
438.0 326.0
368.0 -359.0
-223.0 83.0
318.0 389.0
-421.0 365.0
7
-363.0 -190.0
85.0 193.0
-258.0 117.0
-357.0 -332.0
360.0 -74.0
4.0 8.0
449.0 -489.0
7
426.0 417.0
364.0 -285.0
292.0 428.0
148.0 263.0
194.0 311.0
246.0 353.0
449.0 -300.0
7
437.0 -89.0
184.0 226.0
-273.0 -68.0
-124.0 129.0
-14.0 -394.0
202.0 244.0
482.0 -249.0
7
315.0 -250.0
385.0 19.0
-79.0 -46.0
212.0 -444.0
-182.0 -307.0
-359.0 308.0
-491.0 -408.0
7
274.0 279.0
-65.0 -132.0
1.0 -133.0
266.0 49.0
-37.0 -71.0
227.0 216.0
10.0 151.0
7
-117.0 -458.0
-154.0 139.0
74.0 -441.0
-261.0 -259.0
53.0 460.0
229.0 206.0
-314.0 372.0
7
-278.0 340.0
131.0 498.0
-213.0 356.0
183.0 490.0
185.0 202.0
-272.0 -1.0
241.0 323.0
7
417.0 -1.0
102.0 -107.0
-31.0 -372.0
-7.0 -425.0
495.0 218.0
196.0 -474.0
239.0 -192.0
7
-306.0 -160.0
-35.0 183.0
424.0 157.0
116.0 -397.0
406.0 -345.0
33.0 212.0
-14.0 -95.0
7
51.0 237.0
-344.0 -38.0
-103.0 493.0
-258.0 -250.0
473.0 -170.0
-199.0 -340.0
-110.0 -288.0
7
-189.0 -465.0
-347.0 286.0
461.0 401.0
373.0 262.0
-317.0 296.0
-452.0 -349.0
154.0 311.0
7
-48.0 -253.0
-298.0 -402.0
14.0 471.0
-66.0 -13.0
440.0 -279.0
-338.0 434.0
73.0 489.0
7
241.0 -327.0
-313.0 -477.0
-399.0 268.0
-30.0 -311.0
-418.0 -391.0
366.0 -238.0
-251.0 482.0
7
268.0 -262.0
326.0 -363.0
-365.0 421.0
388.0 -414.0
149.0 -23.0
-91.0 -239.0
-178.0 220.0
7
50.0 168.0
-470.0 -460.0
11.0 -225.0
-244.0 -450.0
-240.0 -256.0
390.0 -266.0
172.0 -36.0
7
364.0 -408.0
-4.0 394.0
361.0 447.0
-352.0 285.0
413.0 483.0
-89.0 -39.0
-321.0 113.0
7
-295.0 -339.0
-470.0 283.0
-64.0 -261.0
-224.0 -78.0
-257.0 -344.0
-74.0 92.0
97.0 376.0
7
-259.0 89.0
193.0 -389.0
-95.0 -156.0
388.0 -193.0
-333.0 22.0
-18.0 106.0
132.0 -269.0
7
-76.0 391.0
236.0 444.0
-302.0 -115.0
28.0 451.0
-471.0 66.0
-180.0 469.0
401.0 447.0
7
-262.0 -220.0
284.0 110.0
-306.0 -6.0
-176.0 -369.0
-209.0 -350.0
-301.0 -304.0
-415.0 173.0
7
408.0 -285.0
-361.0 226.0
-84.0 -150.0
-257.0 -119.0
456.0 236.0
26.0 16.0
266.0 352.0
7
223.0 -1.0
142.0 -156.0
423.0 392.0
-241.0 -236.0
-188.0 3.0
-434.0 188.0
247.0 363.0
7
35.0 276.0
118.0 453.0
-188.0 110.0
225.0 420.0
412.0 354.0
-174.0 -56.0
59.0 -472.0
7
-107.0 -232.0
117.0 447.0
307.0 -30.0
115.0 246.0
-337.0 -457.0
-230.0 42.0
-7.0 -366.0
7
437.0 188.0
140.0 244.0
329.0 -22.0
-88.0 55.0
-184.0 28.0
-172.0 456.0
32.0 -370.0
7
-116.0 -492.0
-343.0 -297.0
66.0 193.0
10.0 -425.0
64.0 417.0
70.0 -110.0
-366.0 -291.0
7
-57.0 40.0
-224.0 326.0
96.0 -137.0
412.0 -437.0
5.0 -331.0
410.0 -325.0
123.0 118.0
7
-179.0 154.0
21.0 -204.0
371.0 -225.0
413.0 -245.0
493.0 188.0
-409.0 -177.0
-114.0 213.0
7
-26.0 -362.0
62.0 194.0
248.0 151.0
10.0 -28.0
402.0 -354.0
-179.0 -307.0
30.0 -219.0
7
123.0 474.0
474.0 405.0
350.0 332.0
-193.0 282.0
422.0 156.0
182.0 227.0
461.0 49.0
7
-97.0 -406.0
231.0 156.0
425.0 -322.0
-112.0 -24.0
60.0 423.0
58.0 403.0
-104.0 441.0
7
208.0 324.0
216.0 393.0
147.0 -478.0
-284.0 -298.0
152.0 -294.0
26.0 189.0
176.0 365.0
7
-100.0 -170.0
-57.0 -114.0
-192.0 161.0
-463.0 362.0
-198.0 259.0
-307.0 -226.0
370.0 293.0
7
107.0 333.0
-333.0 169.0
187.0 425.0
498.0 479.0
51.0 -420.0
436.0 472.0
-338.0 490.0
7
-129.0 102.0
-194.0 347.0
332.0 486.0
69.0 -393.0
86.0 -235.0
-281.0 -250.0
402.0 -210.0
7
198.0 463.0
20.0 -377.0
-395.0 -467.0
487.0 -464.0
358.0 110.0
-491.0 294.0
238.0 209.0
7
242.0 12.0
173.0 311.0
-354.0 -351.0
372.0 413.0
-188.0 101.0
-326.0 -91.0
-336.0 -359.0
7
-157.0 470.0
385.0 349.0
-367.0 212.0
123.0 237.0
398.0 245.0
-403.0 -209.0
-8.0 414.0
7
39.0 -373.0
301.0 -108.0
276.0 -81.0
-388.0 424.0
-165.0 -223.0
70.0 207.0
-240.0 -33.0
7
212.0 -343.0
-405.0 -56.0
173.0 146.0
375.0 -118.0
164.0 58.0
-82.0 229.0
58.0 -151.0
7
132.0 369.0
-472.0 -313.0
273.0 -64.0
307.0 -81.0
149.0 -432.0
-322.0 -421.0
-64.0 142.0
7
436.0 489.0
-367.0 295.0
299.0 -297.0
-284.0 434.0
500.0 -34.0
55.0 -359.0
-432.0 -310.0
7
-250.0 -417.0
491.0 -201.0
132.0 210.0
-140.0 -497.0
182.0 -187.0
-197.0 -446.0
165.0 388.0
7
10.0 335.0
-39.0 -276.0
408.0 -259.0
346.0 -193.0
-272.0 97.0
-323.0 400.0
-397.0 36.0
7
402.0 282.0
282.0 -143.0
-287.0 195.0
-239.0 296.0
-18.0 -310.0
-237.0 36.0
-451.0 -179.0
7
47.0 254.0
406.0 -30.0
357.0 186.0
-260.0 476.0
133.0 336.0
193.0 -121.0
338.0 326.0
7
-273.0 332.0
-53.0 91.0
-471.0 6.0
-143.0 -183.0
106.0 -30.0
247.0 -420.0
-375.0 -260.0
7
318.0 384.0
179.0 28.0
-192.0 -158.0
-82.0 -52.0
144.0 -375.0
-174.0 257.0
-23.0 21.0
7
445.0 -133.0
-199.0 -7.0
-334.0 183.0
-113.0 -181.0
-201.0 -427.0
119.0 54.0
-242.0 -9.0
7
256.0 457.0
-163.0 -439.0
-468.0 394.0
344.0 -122.0
442.0 -272.0
-461.0 449.0
-347.0 28.0
7
489.0 89.0
307.0 486.0
103.0 -413.0
32.0 241.0
-290.0 482.0
427.0 120.0
452.0 278.0
7
226.0 -424.0
390.0 -484.0
33.0 127.0
418.0 281.0
-122.0 38.0
-281.0 375.0
182.0 -225.0
7
-385.0 -92.0
-464.0 38.0
245.0 -119.0
-126.0 173.0
-384.0 355.0
294.0 -127.0
-204.0 -445.0
7
430.0 35.0
421.0 -342.0
-462.0 -421.0
366.0 -216.0
287.0 -308.0
472.0 -173.0
-246.0 65.0
7
3.0 182.0
304.0 240.0
-102.0 90.0
341.0 -438.0
325.0 133.0
198.0 331.0
56.0 -371.0
7
77.0 -58.0
485.0 -15.0
-383.0 -190.0
96.0 227.0
469.0 337.0
422.0 121.0
248.0 -423.0
7
-79.0 -257.0
-417.0 -367.0
45.0 419.0
-59.0 150.0
-237.0 150.0
99.0 62.0
436.0 488.0
7
-496.0 -273.0
87.0 142.0
-36.0 -305.0
167.0 243.0
113.0 93.0
65.0 -23.0
-275.0 46.0
7
200.0 -36.0
-27.0 170.0
165.0 -457.0
-153.0 120.0
166.0 -52.0
-484.0 458.0
-358.0 -416.0
7
-263.0 119.0
-485.0 -117.0
-271.0 -193.0
462.0 -470.0
451.0 -26.0
162.0 471.0
-117.0 452.0
7
-306.0 112.0
276.0 347.0
-224.0 -241.0
-188.0 -213.0
164.0 73.0
131.0 -26.0
-118.0 162.0
7
433.0 183.0
158.0 226.0
407.0 -388.0
490.0 -153.0
-99.0 -146.0
283.0 157.0
53.0 -496.0
7
-106.0 468.0
-289.0 -94.0
-193.0 219.0
106.0 -62.0
97.0 499.0
-179.0 5.0
-59.0 -389.0
7
-496.0 -224.0
-263.0 -336.0
-417.0 132.0
-426.0 -180.0
-196.0 29.0
185.0 -488.0
-274.0 24.0
7
148.0 -187.0
349.0 -415.0
-214.0 -286.0
208.0 -457.0
-24.0 206.0
-499.0 -401.0
118.0 348.0
7
426.0 -231.0
-320.0 -194.0
112.0 111.0
318.0 457.0
403.0 -330.0
346.0 481.0
222.0 392.0
7
291.0 181.0
-293.0 382.0
379.0 51.0
-489.0 460.0
-144.0 262.0
-109.0 -466.0
-9.0 -440.0
7
-204.0 -290.0
-136.0 -454.0
-336.0 -200.0
-122.0 -493.0
153.0 335.0
-481.0 -130.0
209.0 -222.0
7
-475.0 -342.0
51.0 431.0
-109.0 -460.0
-297.0 7.0
-340.0 -265.0
34.0 -219.0
-355.0 -9.0
7
174.0 433.0
-349.0 143.0
320.0 301.0
346.0 -162.0
166.0 -272.0
58.0 -497.0
210.0 -356.0
7
-77.0 372.0
284.0 232.0
-189.0 76.0
-281.0 -440.0
242.0 240.0
-331.0 -25.0
-186.0 -139.0
7
220.0 -222.0
339.0 341.0
70.0 -176.0
2.0 155.0
434.0 360.0
218.0 350.0
-26.0 -84.0
7
-412.0 124.0
-113.0 -111.0
-49.0 -437.0
-473.0 -84.0
45.0 333.0
-296.0 -416.0
210.0 292.0
7
-165.0 -161.0
-313.0 -422.0
245.0 -155.0
-61.0 147.0
-472.0 230.0
-165.0 -209.0
-322.0 108.0
7
-215.0 66.0
-340.0 258.0
76.0 248.0
304.0 -64.0
206.0 69.0
309.0 -326.0
342.0 -80.0
7
-18.0 493.0
-329.0 -457.0
-293.0 -482.0
-110.0 -370.0
98.0 200.0
-165.0 348.0
-163.0 -492.0
7
-236.0 123.0
-221.0 343.0
-220.0 -67.0
-139.0 -71.0
-10.0 191.0
303.0 -157.0
-481.0 405.0
7
-97.0 -238.0
196.0 -133.0
346.0 -372.0
-360.0 -149.0
366.0 77.0
-457.0 -45.0
-12.0 273.0
7
326.0 130.0
84.0 163.0
-126.0 -242.0
-376.0 441.0
316.0 -7.0
-280.0 -25.0
393.0 -89.0
7
194.0 -70.0
98.0 279.0
391.0 -32.0
-318.0 119.0
-394.0 210.0
323.0 -33.0
155.0 -375.0
7
142.0 174.0
171.0 -312.0
-255.0 44.0
-412.0 35.0
-445.0 28.0
-436.0 493.0
-316.0 277.0
7
-249.0 -265.0
357.0 -252.0
139.0 380.0
-114.0 -259.0
-40.0 22.0
366.0 -233.0
381.0 -476.0
7
303.0 131.0
-448.0 232.0
214.0 163.0
-310.0 -128.0
-492.0 -144.0
192.0 -58.0
-270.0 133.0
7
40.0 -318.0
118.0 443.0
74.0 105.0
-246.0 -90.0
-488.0 280.0
152.0 -58.0
205.0 -101.0
7
-304.0 -316.0
195.0 429.0
-495.0 440.0
-150.0 -301.0
252.0 -7.0
-144.0 250.0
-335.0 -221.0
7
-468.0 68.0
329.0 29.0
453.0 -7.0
164.0 251.0
-177.0 -101.0
243.0 -10.0
383.0 322.0
7
161.0 272.0
-224.0 -202.0
-394.0 7.0
-49.0 -150.0
-59.0 240.0
457.0 267.0
95.0 -488.0
7
-327.0 -171.0
-303.0 -168.0
-445.0 38.0
-363.0 92.0
21.0 -271.0
283.0 -306.0
-366.0 349.0
7
476.0 461.0
-385.0 48.0
-119.0 215.0
-313.0 -321.0
-386.0 -345.0
447.0 171.0
14.0 -471.0
7
-209.0 -233.0
114.0 124.0
-122.0 -498.0
111.0 -59.0
-184.0 -396.0
286.0 483.0
-105.0 -208.0
7
-307.0 -430.0
53.0 -300.0
226.0 -136.0
319.0 225.0
127.0 -79.0
28.0 47.0
-19.0 167.0
7
-228.0 158.0
-326.0 -459.0
-427.0 -461.0
-437.0 259.0
-105.0 -63.0
163.0 -102.0
268.0 65.0
7
-457.0 144.0
133.0 -293.0
412.0 -282.0
-416.0 283.0
272.0 255.0
354.0 459.0
21.0 -191.0
7
333.0 -152.0
-202.0 -17.0
472.0 107.0
28.0 326.0
112.0 251.0
462.0 -43.0
48.0 383.0
7
355.0 -269.0
484.0 -77.0
421.0 26.0
-164.0 -171.0
176.0 482.0
339.0 -64.0
-13.0 -423.0
7
-323.0 -101.0
493.0 -56.0
70.0 -225.0
56.0 305.0
-101.0 360.0
8.0 2.0
487.0 76.0
7
-473.0 5.0
77.0 58.0
16.0 348.0
193.0 280.0
-209.0 57.0
-113.0 -7.0
403.0 -178.0
7
-377.0 430.0
-495.0 345.0
417.0 153.0
442.0 -256.0
-204.0 -245.0
-496.0 134.0
57.0 -341.0
7
112.0 179.0
-411.0 352.0
441.0 76.0
-207.0 405.0
126.0 214.0
-474.0 -106.0
-182.0 412.0
7
19.0 206.0
-333.0 213.0
439.0 -188.0
103.0 208.0
-378.0 375.0
-403.0 -411.0
-233.0 -404.0
7
-210.0 294.0
385.0 -403.0
-93.0 -271.0
402.0 -106.0
341.0 33.0
173.0 114.0
296.0 -197.0
7
239.0 -305.0
277.0 -383.0
-73.0 -430.0
389.0 -347.0
-75.0 -424.0
316.0 -179.0
-191.0 50.0
7
-241.0 -223.0
-183.0 -162.0
146.0 110.0
157.0 -406.0
169.0 -56.0
-88.0 -278.0
-188.0 -159.0
7
299.0 378.0
102.0 462.0
151.0 445.0
-57.0 307.0
-466.0 -292.0
-164.0 -233.0
-428.0 -459.0
7
-200.0 -357.0
-96.0 -237.0
-338.0 -399.0
-161.0 -335.0
38.0 310.0
450.0 121.0
-305.0 -369.0
7
-178.0 86.0
163.0 247.0
42.0 472.0
-390.0 244.0
-386.0 133.0
84.0 194.0
-241.0 -438.0
7
331.0 -248.0
-84.0 73.0
484.0 102.0
402.0 228.0
92.0 -434.0
362.0 112.0
-89.0 219.0
7
309.0 -467.0
255.0 16.0
160.0 188.0
219.0 -22.0
-184.0 -497.0
-408.0 466.0
128.0 165.0
7
-459.0 160.0
-495.0 -402.0
184.0 -326.0
-402.0 -462.0
99.0 -227.0
9.0 -44.0
168.0 -463.0
7
-479.0 -283.0
430.0 259.0
298.0 -390.0
-244.0 -317.0
338.0 -221.0
-381.0 16.0
219.0 477.0
7
-125.0 -371.0
-317.0 37.0
68.0 313.0
-73.0 35.0
165.0 -454.0
-254.0 404.0
330.0 -147.0
7
305.0 -367.0
-109.0 -130.0
-160.0 42.0
34.0 -407.0
429.0 7.0
-455.0 -202.0
96.0 410.0
7
444.0 -178.0
-249.0 44.0
-306.0 -44.0
314.0 -187.0
-417.0 -421.0
45.0 185.0
415.0 -354.0
7
-293.0 357.0
-29.0 -219.0
54.0 124.0
137.0 -289.0
141.0 -99.0
-217.0 407.0
399.0 159.0
7
-376.0 339.0
264.0 65.0
-200.0 -229.0
149.0 -166.0
-301.0 -229.0
292.0 487.0
-292.0 317.0
7
-296.0 -214.0
218.0 -318.0
-482.0 -480.0
-157.0 237.0
-185.0 -168.0
-171.0 231.0
28.0 -125.0
7
340.0 -337.0
10.0 82.0
-179.0 342.0
498.0 348.0
113.0 380.0
-300.0 -317.0
-168.0 -477.0
7
170.0 79.0
-327.0 -391.0
285.0 -1.0
-103.0 232.0
342.0 406.0
159.0 218.0
171.0 388.0
7
-49.0 248.0
301.0 -219.0
391.0 313.0
-368.0 -201.0
-42.0 -159.0
21.0 -442.0
-428.0 289.0
7
-329.0 238.0
-51.0 -469.0
-74.0 425.0
-143.0 167.0
137.0 334.0
487.0 401.0
147.0 -344.0
7
-126.0 346.0
192.0 168.0
193.0 -403.0
-248.0 -229.0
204.0 -364.0
-45.0 305.0
464.0 -422.0
7
-332.0 -475.0
403.0 -266.0
306.0 -445.0
-467.0 68.0
-491.0 -158.0
-21.0 366.0
-450.0 -234.0
7
-347.0 -61.0
448.0 -181.0
64.0 356.0
-93.0 -44.0
-256.0 -252.0
-189.0 424.0
418.0 393.0
7
-465.0 496.0
-36.0 -304.0
-439.0 -477.0
-386.0 227.0
-458.0 473.0
-60.0 324.0
-73.0 110.0
7
290.0 -286.0
-327.0 -300.0
143.0 367.0
474.0 -397.0
125.0 -22.0
-61.0 -129.0
148.0 -479.0
7
5.0 -172.0
296.0 108.0
347.0 -423.0
-172.0 -256.0
489.0 -214.0
157.0 438.0
-100.0 -461.0
7
-439.0 105.0
367.0 -69.0
-97.0 84.0
-464.0 197.0
371.0 -59.0
-88.0 30.0
255.0 -197.0
7
-279.0 -424.0
131.0 408.0
-488.0 -377.0
-16.0 -148.0
-59.0 -56.0
433.0 276.0
-135.0 97.0
7
-481.0 -176.0
-134.0 477.0
404.0 459.0
62.0 101.0
66.0 -479.0
306.0 -419.0
-46.0 -463.0
7
-112.0 191.0
263.0 -386.0
325.0 -108.0
172.0 157.0
-4.0 250.0
453.0 381.0
172.0 -152.0
7
181.0 -31.0
161.0 395.0
-287.0 146.0
-65.0 60.0
-34.0 148.0
-128.0 -8.0
104.0 -460.0
7
-182.0 -92.0
57.0 -11.0
394.0 -493.0
145.0 -34.0
-486.0 -482.0
-489.0 219.0
396.0 -201.0
7
-483.0 -127.0
-338.0 -411.0
-313.0 -142.0
325.0 284.0
334.0 -28.0
-447.0 -136.0
-219.0 -129.0
7
62.0 472.0
465.0 68.0
200.0 427.0
-55.0 461.0
-95.0 -478.0
321.0 14.0
-173.0 -74.0
7
-18.0 -229.0
-187.0 -271.0
-388.0 401.0
-24.0 -324.0
215.0 -204.0
214.0 -337.0
-203.0 -202.0
7
455.0 -347.0
223.0 -319.0
-448.0 263.0
66.0 -405.0
-31.0 350.0
271.0 481.0
-409.0 394.0
7
-416.0 -499.0
-150.0 307.0
283.0 369.0
426.0 205.0
-325.0 299.0
-389.0 -261.0
-343.0 462.0
7
466.0 -166.0
-164.0 -292.0
345.0 -108.0
120.0 -349.0
-316.0 17.0
-71.0 -225.0
-405.0 461.0
7
439.0 -200.0
-208.0 -298.0
342.0 -365.0
494.0 -338.0
343.0 131.0
-144.0 -185.0
-204.0 428.0
7
-149.0 -23.0
-249.0 -500.0
-447.0 -417.0
141.0 168.0
436.0 275.0
-118.0 374.0
-98.0 234.0
7
117.0 452.0
435.0 362.0
222.0 390.0
-421.0 -347.0
-217.0 -61.0
-476.0 45.0
-17.0 78.0
7
-41.0 2.0
-299.0 -272.0
-80.0 177.0
223.0 -286.0
-94.0 213.0
214.0 -102.0
48.0 275.0
7
258.0 319.0
90.0 249.0
-471.0 285.0
289.0 -43.0
-167.0 -257.0
-91.0 -421.0
60.0 489.0
7
190.0 -12.0
490.0 -473.0
322.0 -100.0
-272.0 -44.0
-126.0 -241.0
476.0 366.0
-30.0 375.0
7
221.0 -199.0
130.0 391.0
-477.0 246.0
135.0 -365.0
13.0 388.0
406.0 -238.0
-418.0 -330.0
7
-171.0 169.0
-353.0 102.0
-183.0 -421.0
-373.0 -38.0
-333.0 -69.0
-63.0 -366.0
175.0 -491.0
7
-268.0 -97.0
397.0 358.0
-382.0 79.0
-130.0 144.0
-199.0 -96.0
-387.0 192.0
-246.0 46.0
7
265.0 -272.0
173.0 149.0
303.0 425.0
-301.0 363.0
-439.0 4.0
-296.0 457.0
-270.0 -420.0
7
127.0 306.0
-297.0 475.0
-98.0 -200.0
-417.0 312.0
-337.0 -275.0
478.0 -168.0
-395.0 126.0
7
380.0 -62.0
383.0 251.0
-136.0 -473.0
475.0 -465.0
67.0 31.0
70.0 -61.0
63.0 367.0
7
-412.0 -293.0
-432.0 -73.0
1.0 23.0
-141.0 -164.0
-92.0 88.0
479.0 -130.0
202.0 113.0
7
-231.0 -399.0
-179.0 -103.0
-438.0 473.0
-298.0 120.0
-327.0 2.0
-259.0 82.0
-48.0 484.0
7
-200.0 142.0
256.0 453.0
83.0 161.0
-307.0 -449.0
415.0 170.0
-274.0 -375.0
-354.0 -129.0
7
-25.0 173.0
273.0 -269.0
192.0 228.0
397.0 66.0
382.0 -62.0
433.0 280.0
-347.0 279.0
7
3.0 -420.0
192.0 431.0
-26.0 -335.0
52.0 -49.0
144.0 272.0
-438.0 202.0
-342.0 -415.0
7
15.0 -233.0
49.0 -79.0
-420.0 314.0
406.0 -32.0
195.0 -19.0
-223.0 -375.0
378.0 183.0
7
-359.0 429.0
423.0 -127.0
-180.0 324.0
-443.0 -193.0
-167.0 248.0
45.0 147.0
-451.0 490.0
7
355.0 -238.0
369.0 -255.0
-499.0 -5.0
-310.0 348.0
216.0 93.0
432.0 344.0
-33.0 -218.0
7
226.0 -468.0
-152.0 -135.0
-197.0 125.0
-136.0 -192.0
-110.0 -50.0
221.0 422.0
-336.0 179.0
7
-305.0 226.0
-443.0 -429.0
-65.0 331.0
214.0 -114.0
388.0 260.0
-208.0 -211.0
-317.0 11.0
7
-448.0 376.0
-461.0 324.0
-14.0 -275.0
-344.0 -94.0
248.0 445.0
-231.0 -86.0
430.0 130.0
7
-248.0 -459.0
-385.0 123.0
391.0 489.0
-474.0 452.0
281.0 76.0
-352.0 -376.0
-255.0 355.0
7
-114.0 -483.0
-222.0 -67.0
-388.0 474.0
453.0 315.0
30.0 -288.0
383.0 -296.0
14.0 -398.0
7
329.0 439.0
203.0 221.0
240.0 112.0
-15.0 -450.0
-68.0 -485.0
-306.0 -333.0
87.0 43.0
7
363.0 -380.0
18.0 -25.0
-392.0 -269.0
-433.0 189.0
393.0 -192.0
72.0 -232.0
-142.0 172.0
7
32.0 -268.0
401.0 369.0
-431.0 190.0
61.0 167.0
-337.0 432.0
-419.0 -76.0
-255.0 -421.0
7
42.0 95.0
202.0 221.0
-257.0 -292.0
451.0 -158.0
353.0 -407.0
63.0 242.0
-388.0 83.0
7
-134.0 -293.0
13.0 95.0
398.0 318.0
-341.0 47.0
266.0 177.0
423.0 244.0
494.0 44.0
7
-233.0 -160.0
398.0 -349.0
-127.0 -65.0
78.0 -189.0
-411.0 -98.0
-104.0 -176.0
96.0 -392.0
7
395.0 114.0
-142.0 -65.0
433.0 -435.0
473.0 -149.0
-404.0 -189.0
-293.0 192.0
-346.0 183.0
7
-383.0 -4.0
-290.0 25.0
-401.0 236.0
-43.0 101.0
410.0 493.0
-341.0 -243.0
371.0 257.0
7
-108.0 -493.0
200.0 182.0
447.0 168.0
296.0 352.0
184.0 112.0
-385.0 -476.0
-233.0 211.0
7
-121.0 -313.0
-438.0 -426.0
150.0 -422.0
-76.0 -196.0
-104.0 -18.0
295.0 -389.0
-114.0 -314.0
7
360.0 -255.0
215.0 -348.0
38.0 438.0
99.0 -288.0
260.0 352.0
72.0 -326.0
45.0 -293.0
7
-373.0 -210.0
126.0 132.0
295.0 -93.0
211.0 42.0
-189.0 -470.0
-429.0 -72.0
-150.0 -306.0
7
-373.0 134.0
-462.0 -9.0
-218.0 69.0
495.0 290.0
-400.0 67.0
-333.0 -274.0
-58.0 -78.0
7
-74.0 33.0
-57.0 170.0
317.0 -296.0
-332.0 133.0
-466.0 -20.0
209.0 254.0
-460.0 281.0
7
-162.0 -352.0
145.0 442.0
165.0 -267.0
-34.0 -456.0
60.0 382.0
-20.0 325.0
-115.0 11.0
7
-243.0 42.0
-302.0 103.0
280.0 328.0
473.0 68.0
-447.0 267.0
271.0 143.0
404.0 57.0
7
-235.0 58.0
-87.0 17.0
-355.0 -330.0
-428.0 -28.0
-169.0 166.0
-394.0 -360.0
266.0 145.0
7
324.0 488.0
-127.0 -402.0
14.0 -50.0
490.0 27.0
-319.0 -446.0
83.0 -347.0
-114.0 204.0
7
350.0 -71.0
137.0 52.0
-482.0 430.0
3.0 373.0
228.0 -230.0
302.0 278.0
-95.0 -265.0
7
467.0 49.0
-492.0 -267.0
-43.0 222.0
-240.0 -204.0
-245.0 -229.0
185.0 -35.0
-67.0 375.0
7
-219.0 457.0
-328.0 -397.0
-233.0 -264.0
-269.0 201.0
-348.0 -71.0
59.0 -137.0
24.0 -395.0
7
-434.0 -23.0
-429.0 65.0
44.0 71.0
151.0 -90.0
57.0 202.0
-378.0 100.0
-323.0 442.0
7
61.0 128.0
-451.0 57.0
-152.0 -154.0
282.0 -375.0
498.0 -404.0
-495.0 450.0
276.0 305.0
7
-261.0 -64.0
498.0 -328.0
-47.0 -123.0
301.0 -322.0
-155.0 -245.0
-24.0 -172.0
-479.0 -170.0
7
-306.0 210.0
-208.0 -93.0
301.0 380.0
-107.0 -349.0
481.0 -299.0
440.0 -431.0
442.0 -137.0
7
345.0 -294.0
-422.0 232.0
320.0 -220.0
392.0 -384.0
265.0 339.0
-236.0 -494.0
-144.0 -46.0
7
444.0 -143.0
-362.0 58.0
-353.0 255.0
163.0 -226.0
-277.0 260.0
-208.0 -218.0
-465.0 -95.0
7
-260.0 -135.0
316.0 -147.0
22.0 -300.0
214.0 -269.0
432.0 61.0
-57.0 496.0
-36.0 -309.0
7
204.0 -172.0
416.0 -23.0
231.0 324.0
-426.0 485.0
-175.0 413.0
-275.0 -291.0
197.0 211.0
7
-422.0 41.0
25.0 14.0
-497.0 -37.0
-101.0 153.0
-423.0 327.0
-450.0 119.0
-294.0 -406.0
7
-448.0 -371.0
-270.0 110.0
65.0 235.0
356.0 453.0
-346.0 -480.0
-268.0 128.0
312.0 -3.0
7
239.0 -469.0
-288.0 -278.0
420.0 74.0
222.0 2.0
282.0 -340.0
418.0 33.0
32.0 -153.0
7
-192.0 -388.0
263.0 -491.0
347.0 -292.0
-426.0 -326.0
66.0 -215.0
246.0 -290.0
7.0 96.0
7
-185.0 376.0
353.0 -352.0
-1.0 162.0
-30.0 -67.0
-134.0 302.0
218.0 -219.0
384.0 237.0
7
-268.0 489.0
-16.0 57.0
-160.0 -372.0
390.0 444.0
359.0 -307.0
-487.0 209.0
475.0 -337.0
7
11.0 350.0
89.0 -70.0
-331.0 435.0
185.0 102.0
385.0 283.0
-104.0 -162.0
216.0 125.0
7
-365.0 -458.0
-303.0 223.0
7.0 -356.0
-312.0 61.0
384.0 308.0
-10.0 196.0
140.0 -229.0
7
-147.0 85.0
150.0 -474.0
-461.0 -245.0
-103.0 234.0
245.0 329.0
453.0 -411.0
308.0 169.0
7
470.0 -354.0
193.0 -246.0
-408.0 -233.0
-432.0 461.0
262.0 324.0
304.0 -475.0
-189.0 311.0
7
62.0 139.0
-284.0 -475.0
474.0 246.0
-191.0 -345.0
-102.0 -1.0
146.0 67.0
-371.0 175.0
7
-245.0 -496.0
-252.0 275.0
-453.0 45.0
-490.0 -295.0
-313.0 -406.0
169.0 447.0
-334.0 40.0
7
267.0 -336.0
-207.0 -167.0
-93.0 90.0
-63.0 -96.0
470.0 -404.0
20.0 444.0
63.0 -176.0
7
-100.0 194.0
191.0 136.0
430.0 -308.0
-104.0 5.0
232.0 8.0
-37.0 166.0
232.0 454.0
7
-136.0 365.0
327.0 418.0
441.0 -275.0
309.0 410.0
-107.0 86.0
-222.0 -377.0
-228.0 -57.0
7
398.0 343.0
334.0 127.0
456.0 41.0
481.0 -129.0
21.0 113.0
-474.0 401.0
-329.0 295.0
7
354.0 -291.0
-404.0 52.0
-404.0 -47.0
203.0 440.0
-429.0 -476.0
-133.0 -141.0
-479.0 486.0
7
-124.0 184.0
134.0 355.0
415.0 135.0
-166.0 319.0
12.0 -98.0
218.0 -297.0
266.0 260.0
7
-83.0 404.0
-18.0 214.0
20.0 158.0
-439.0 -483.0
53.0 -482.0
-381.0 -123.0
470.0 -57.0
7
209.0 -182.0
34.0 319.0
-248.0 231.0
40.0 134.0
262.0 75.0
-249.0 207.0
5.0 353.0
7
327.0 -58.0
-6.0 241.0
-93.0 382.0
99.0 -469.0
179.0 220.0
-266.0 236.0
439.0 371.0
7
16.0 203.0
123.0 413.0
78.0 223.0
163.0 344.0
-374.0 126.0
208.0 403.0
-170.0 -262.0
7
-170.0 -92.0
214.0 -312.0
-228.0 -102.0
380.0 -153.0
-110.0 -76.0
-7.0 354.0
179.0 231.0
7
310.0 -446.0
251.0 143.0
466.0 -239.0
216.0 -122.0
459.0 -398.0
-238.0 130.0
-453.0 345.0
7
-288.0 281.0
91.0 -177.0
-293.0 -407.0
-491.0 -256.0
389.0 -289.0
117.0 259.0
-46.0 -441.0
7
369.0 -365.0
-253.0 357.0
10.0 301.0
394.0 -230.0
469.0 232.0
160.0 -20.0
-467.0 -224.0
7
279.0 -435.0
-241.0 316.0
315.0 40.0
-339.0 397.0
438.0 452.0
-406.0 162.0
-175.0 -189.0
7
181.0 237.0
-7.0 -225.0
-394.0 95.0
465.0 -59.0
428.0 -398.0
-72.0 -487.0
-330.0 -305.0
7
361.0 -270.0
159.0 -435.0
-281.0 -254.0
-257.0 198.0
-285.0 389.0
-500.0 255.0
-444.0 173.0
7
-61.0 235.0
-131.0 -150.0
443.0 -240.0
-450.0 207.0
-393.0 -126.0
488.0 -341.0
-475.0 -288.0
7
-108.0 426.0
-362.0 -299.0
78.0 139.0
-84.0 249.0
-283.0 -225.0
212.0 -243.0
-193.0 -216.0
7
213.0 219.0
-133.0 -79.0
-104.0 -380.0
-315.0 -13.0
-270.0 277.0
466.0 433.0
498.0 -184.0
7
238.0 67.0
436.0 -68.0
159.0 235.0
82.0 113.0
182.0 -42.0
443.0 -456.0
-227.0 -46.0
7
437.0 100.0
-13.0 121.0
261.0 -314.0
-286.0 -97.0
83.0 -481.0
-452.0 -457.0
30.0 121.0
7
-43.0 361.0
277.0 -92.0
-111.0 -293.0
-35.0 -302.0
109.0 99.0
140.0 299.0
335.0 320.0
7
415.0 -107.0
-453.0 274.0
-463.0 221.0
-200.0 348.0
-2.0 -429.0
-120.0 -211.0
-416.0 125.0
7
270.0 258.0
214.0 266.0
46.0 -467.0
302.0 -99.0
58.0 -243.0
97.0 -148.0
170.0 296.0
7
-482.0 199.0
107.0 -6.0
202.0 -63.0
-104.0 405.0
305.0 -275.0
327.0 386.0
110.0 184.0
7
-353.0 -223.0
178.0 191.0
229.0 361.0
97.0 -110.0
-232.0 -384.0
-265.0 357.0
-292.0 364.0
7
-128.0 -158.0
430.0 -186.0
460.0 -453.0
479.0 -259.0
417.0 238.0
459.0 -362.0
-213.0 -212.0
7
498.0 -143.0
-432.0 -416.0
319.0 -234.0
-450.0 2.0
481.0 371.0
-117.0 439.0
-188.0 418.0
7
127.0 -179.0
-116.0 -278.0
-375.0 -50.0
61.0 -251.0
108.0 164.0
-200.0 -446.0
-169.0 241.0
7
5.0 -45.0
-219.0 -43.0
-326.0 441.0
-108.0 -246.0
88.0 -405.0
-141.0 309.0
-300.0 -349.0
7
-107.0 103.0
-43.0 -251.0
117.0 167.0
217.0 -421.0
-252.0 112.0
481.0 226.0
-264.0 -477.0
7
-363.0 -87.0
-100.0 -156.0
229.0 -414.0
112.0 378.0
477.0 269.0
-369.0 444.0
65.0 109.0
7
-471.0 -37.0
-69.0 124.0
-331.0 -167.0
-241.0 125.0
450.0 156.0
391.0 159.0
120.0 -239.0
7
-79.0 198.0
276.0 301.0
178.0 158.0
-144.0 -20.0
-325.0 -17.0
-66.0 131.0
-463.0 382.0
7
-426.0 373.0
-437.0 43.0
398.0 -90.0
400.0 297.0
-208.0 -418.0
476.0 455.0
52.0 422.0
7
-330.0 -229.0
-135.0 255.0
-352.0 157.0
177.0 -233.0
-57.0 -160.0
-363.0 254.0
348.0 149.0
7
360.0 365.0
-37.0 -319.0
155.0 106.0
-323.0 -180.0
459.0 -59.0
380.0 -179.0
-404.0 453.0
7
-472.0 -213.0
-57.0 -321.0
306.0 -297.0
-59.0 86.0
300.0 107.0
444.0 -12.0
-138.0 -130.0
7
-139.0 -299.0
374.0 -339.0
-380.0 -272.0
-218.0 404.0
411.0 -164.0
139.0 132.0
497.0 -80.0
7
-301.0 -409.0
251.0 42.0
-42.0 264.0
121.0 -30.0
-64.0 417.0
-72.0 498.0
-226.0 197.0
7
431.0 -238.0
460.0 231.0
-247.0 402.0
462.0 -388.0
-403.0 354.0
334.0 239.0
124.0 366.0
7
484.0 316.0
-458.0 288.0
50.0 -281.0
-163.0 -300.0
229.0 -422.0
-318.0 145.0
88.0 397.0
7
48.0 419.0
11.0 312.0
489.0 -178.0
-86.0 484.0
-405.0 221.0
253.0 153.0
257.0 49.0
7
-169.0 481.0
188.0 -83.0
411.0 -249.0
-301.0 74.0
319.0 -229.0
-438.0 374.0
-426.0 262.0
7
-484.0 405.0
324.0 174.0
294.0 65.0
-404.0 -287.0
141.0 110.0
448.0 -145.0
-434.0 -352.0
7
-287.0 -381.0
-424.0 444.0
-152.0 -438.0
361.0 179.0
246.0 389.0
232.0 -42.0
-227.0 53.0
7
45.0 451.0
-402.0 498.0
63.0 -118.0
-90.0 206.0
-487.0 -473.0
277.0 -209.0
232.0 -449.0
7
340.0 -392.0
-303.0 -487.0
252.0 315.0
327.0 -314.0
-259.0 -487.0
-176.0 -231.0
192.0 31.0
7
-341.0 -30.0
269.0 -302.0
-272.0 350.0
-273.0 471.0
139.0 -341.0
39.0 397.0
-339.0 -264.0
7
-479.0 -417.0
47.0 32.0
173.0 124.0
-494.0 254.0
178.0 -100.0
-382.0 -408.0
52.0 -77.0
7
-108.0 80.0
-135.0 458.0
358.0 -474.0
408.0 -379.0
189.0 315.0
-351.0 -99.0
214.0 378.0
7
258.0 -269.0
-334.0 466.0
-57.0 346.0
188.0 -194.0
-352.0 450.0
67.0 -24.0
-492.0 -39.0
7
-85.0 1.0
380.0 397.0
49.0 -68.0
-473.0 150.0
205.0 55.0
-219.0 -455.0
-82.0 -222.0
7
-184.0 -445.0
332.0 -371.0
28.0 -239.0
-3.0 -381.0
-299.0 135.0
13.0 -447.0
-162.0 184.0
7
-285.0 223.0
69.0 39.0
-258.0 492.0
314.0 -387.0
-367.0 207.0
355.0 -183.0
416.0 -366.0
7
432.0 239.0
202.0 -421.0
-58.0 59.0
-377.0 -166.0
276.0 -425.0
415.0 69.0
97.0 208.0
7
-19.0 -160.0
-192.0 259.0
-388.0 -398.0
-263.0 -251.0
-483.0 160.0
353.0 -360.0
-284.0 -126.0
7
-463.0 32.0
400.0 -203.0
-289.0 -304.0
-352.0 172.0
465.0 -321.0
223.0 -177.0
105.0 304.0
7
408.0 -354.0
-463.0 397.0
-433.0 -370.0
-323.0 -310.0
-174.0 -76.0
433.0 428.0
-391.0 -408.0
7
1.0 316.0
263.0 280.0
438.0 -328.0
-195.0 -461.0
-483.0 -431.0
120.0 -298.0
-373.0 -382.0
7
-390.0 -206.0
-133.0 -445.0
38.0 -127.0
-157.0 403.0
425.0 -326.0
198.0 -490.0
19.0 -45.0
7
479.0 -184.0
-163.0 476.0
-433.0 -403.0
104.0 -488.0
365.0 -22.0
245.0 452.0
-371.0 -33.0
7
139.0 -365.0
387.0 -465.0
-295.0 -394.0
188.0 71.0
82.0 1.0
269.0 -142.0
26.0 410.0
7
34.0 155.0
453.0 190.0
-413.0 409.0
-345.0 75.0
-18.0 -311.0
-380.0 176.0
-169.0 -263.0
7
-334.0 -165.0
64.0 117.0
-289.0 -461.0
-352.0 77.0
-10.0 242.0
212.0 118.0
-418.0 122.0
7
-391.0 200.0
386.0 25.0
-458.0 64.0
-368.0 231.0
204.0 -1.0
388.0 -325.0
-490.0 -246.0
7
291.0 -188.0
371.0 -140.0
-367.0 -152.0
457.0 -98.0
-68.0 -293.0
-327.0 301.0
214.0 -202.0
7
125.0 -16.0
-428.0 395.0
-13.0 -69.0
-300.0 195.0
-252.0 -276.0
-131.0 332.0
-142.0 -143.0
7
-106.0 -409.0
-15.0 -323.0
-331.0 -92.0
82.0 299.0
-444.0 -297.0
381.0 -167.0
62.0 254.0
7
-486.0 391.0
146.0 -188.0
-218.0 -282.0
-77.0 -421.0
-313.0 -322.0
277.0 -128.0
265.0 120.0
7
201.0 440.0
196.0 185.0
-447.0 -7.0
177.0 -245.0
268.0 -166.0
-362.0 133.0
-128.0 -53.0
7
-479.0 -402.0
-433.0 -424.0
412.0 -329.0
-118.0 280.0
-63.0 -54.0
-35.0 -190.0
349.0 -308.0
7
-189.0 239.0
-152.0 383.0
-380.0 -40.0
-393.0 -302.0
-120.0 288.0
-281.0 165.0
-464.0 67.0
7
-218.0 27.0
228.0 476.0
-165.0 355.0
-220.0 409.0
-290.0 -76.0
-486.0 -431.0
396.0 256.0
7
306.0 221.0
262.0 -130.0
384.0 245.0
41.0 -365.0
250.0 156.0
238.0 -252.0
-51.0 -401.0
7
-233.0 -213.0
-264.0 138.0
364.0 210.0
-358.0 -319.0
-236.0 458.0
151.0 267.0
55.0 221.0
7
25.0 257.0
-119.0 -181.0
480.0 478.0
-280.0 -274.0
-141.0 145.0
192.0 -62.0
-376.0 -164.0
7
-206.0 -136.0
87.0 362.0
-341.0 225.0
52.0 -413.0
239.0 175.0
-209.0 29.0
92.0 -292.0
7
-232.0 343.0
-52.0 -210.0
-477.0 298.0
303.0 487.0
-346.0 30.0
58.0 229.0
-58.0 383.0
7
121.0 -5.0
409.0 -62.0
-355.0 461.0
-193.0 -447.0
-121.0 -294.0
464.0 -347.0
-233.0 460.0
7
174.0 -214.0
-238.0 -253.0
405.0 33.0
236.0 -392.0
-466.0 -373.0
116.0 -285.0
-449.0 229.0
7
407.0 399.0
402.0 479.0
130.0 -348.0
32.0 -353.0
71.0 -173.0
-93.0 -454.0
-152.0 -427.0
7
-462.0 266.0
-161.0 187.0
-32.0 322.0
444.0 -16.0
449.0 -206.0
-174.0 166.0
143.0 -55.0
7
-392.0 -243.0
320.0 474.0
-157.0 319.0
-21.0 76.0
238.0 356.0
13.0 25.0
-436.0 483.0
7
-494.0 -326.0
-10.0 314.0
392.0 -51.0
464.0 -119.0
-297.0 393.0
-103.0 126.0
358.0 -311.0
7
-131.0 -55.0
-63.0 135.0
220.0 -467.0
-363.0 -312.0
132.0 -452.0
345.0 10.0
110.0 -327.0
7
452.0 50.0
313.0 -489.0
366.0 -19.0
262.0 -499.0
386.0 -129.0
378.0 430.0
-450.0 382.0
7
-103.0 18.0
431.0 -372.0
-373.0 -282.0
123.0 -91.0
220.0 90.0
328.0 280.0
-57.0 -56.0
7
294.0 462.0
442.0 416.0
-94.0 -332.0
113.0 -105.0
439.0 -270.0
120.0 457.0
-33.0 486.0
7
300.0 62.0
243.0 215.0
165.0 393.0
-123.0 -59.0
-220.0 7.0
-235.0 271.0
-257.0 -259.0
7
-467.0 -364.0
164.0 101.0
-62.0 -281.0
236.0 309.0
493.0 -84.0
119.0 70.0
-470.0 406.0
7
-252.0 -420.0
-299.0 72.0
-365.0 -160.0
-390.0 -251.0
38.0 -496.0
405.0 70.0
407.0 63.0
7
-500.0 -460.0
-435.0 -148.0
16.0 151.0
447.0 -172.0
-345.0 220.0
-53.0 395.0
142.0 119.0
7
-188.0 -226.0
354.0 62.0
277.0 84.0
174.0 298.0
477.0 -442.0
357.0 353.0
-353.0 -357.0
7
-169.0 -173.0
-250.0 -314.0
274.0 -476.0
-264.0 119.0
-352.0 305.0
-59.0 148.0
42.0 284.0
7
398.0 375.0
299.0 218.0
106.0 -349.0
30.0 -248.0
-313.0 -379.0
-265.0 -463.0
73.0 253.0
7
117.0 212.0
-76.0 412.0
-142.0 141.0
-7.0 421.0
444.0 495.0
-218.0 81.0
57.0 -495.0
7
86.0 -179.0
175.0 261.0
419.0 -243.0
-434.0 134.0
-151.0 -480.0
197.0 -171.0
-251.0 140.0
7
293.0 31.0
-193.0 442.0
89.0 337.0
138.0 75.0
394.0 336.0
-94.0 412.0
-160.0 -151.0
7
-333.0 -398.0
-156.0 -145.0
354.0 -340.0
-396.0 -346.0
-288.0 140.0
395.0 -261.0
183.0 -177.0
7
265.0 456.0
-320.0 -95.0
169.0 -443.0
-163.0 186.0
163.0 -71.0
191.0 -81.0
-33.0 260.0
7
-340.0 10.0
-470.0 152.0
87.0 -101.0
342.0 -129.0
-164.0 301.0
-38.0 -361.0
-25.0 -183.0
7
321.0 102.0
374.0 363.0
-12.0 494.0
376.0 -311.0
-425.0 -317.0
443.0 441.0
187.0 -223.0
7
-371.0 458.0
68.0 -169.0
-464.0 2.0
487.0 222.0
-477.0 50.0
-94.0 293.0
120.0 289.0
7
468.0 -22.0
-166.0 -149.0
-17.0 57.0
-255.0 326.0
-498.0 -82.0
-179.0 224.0
137.0 436.0
7
161.0 -52.0
138.0 313.0
241.0 -434.0
-28.0 215.0
-454.0 305.0
175.0 -76.0
-79.0 -315.0
7
413.0 348.0
221.0 -224.0
-22.0 -174.0
-172.0 -208.0
297.0 -228.0
168.0 338.0
-411.0 -381.0
7
241.0 -376.0
-293.0 -189.0
182.0 219.0
320.0 -148.0
-135.0 491.0
11.0 441.0
-17.0 -316.0
7
-306.0 -131.0
-227.0 153.0
223.0 225.0
-405.0 82.0
-354.0 262.0
10.0 112.0
427.0 297.0
7
418.0 441.0
450.0 127.0
426.0 -60.0
-224.0 -432.0
-125.0 179.0
231.0 -298.0
-430.0 178.0
7
441.0 377.0
-287.0 96.0
102.0 -129.0
183.0 -70.0
24.0 -460.0
-137.0 -216.0
295.0 -485.0
7
167.0 262.0
-332.0 -370.0
51.0 -405.0
-65.0 66.0
341.0 420.0
-113.0 -486.0
117.0 12.0
7
18.0 -456.0
-235.0 380.0
43.0 -2.0
458.0 -310.0
-411.0 -221.0
-427.0 -436.0
128.0 322.0
7
318.0 119.0
-288.0 248.0
313.0 66.0
408.0 -227.0
398.0 -75.0
-136.0 67.0
-439.0 -496.0
7
-408.0 61.0
298.0 272.0
-225.0 -264.0
252.0 -470.0
493.0 -102.0
295.0 208.0
-63.0 382.0
7
359.0 -138.0
195.0 8.0
-73.0 -81.0
277.0 15.0
-225.0 462.0
381.0 -238.0
74.0 -421.0
7
-32.0 -3.0
253.0 323.0
-225.0 -235.0
485.0 300.0
77.0 176.0
41.0 -335.0
-242.0 -185.0
7
157.0 400.0
9.0 298.0
317.0 -138.0
-422.0 -467.0
-432.0 -137.0
-478.0 -99.0
404.0 43.0
7
-59.0 -327.0
89.0 -105.0
34.0 -246.0
-301.0 324.0
382.0 -317.0
-197.0 223.0
106.0 -220.0
7
-236.0 -356.0
482.0 -491.0
387.0 109.0
146.0 -254.0
294.0 -29.0
83.0 390.0
145.0 45.0
7
-135.0 286.0
-331.0 -362.0
453.0 345.0
271.0 -362.0
-303.0 65.0
-54.0 307.0
-248.0 -56.0
7
332.0 359.0
-3.0 -115.0
29.0 95.0
-8.0 -11.0
-418.0 166.0
-371.0 -283.0
-401.0 -396.0
7
-294.0 -150.0
-64.0 143.0
447.0 -237.0
-190.0 491.0
319.0 163.0
55.0 364.0
108.0 105.0
7
-351.0 495.0
139.0 -359.0
446.0 -144.0
-213.0 -176.0
-443.0 345.0
-401.0 339.0
-38.0 274.0
7
227.0 -433.0
-147.0 -155.0
-381.0 489.0
127.0 -378.0
87.0 -247.0
254.0 46.0
-258.0 347.0
7
-459.0 -180.0
216.0 395.0
-226.0 473.0
-81.0 -363.0
140.0 131.0
-425.0 175.0
91.0 -311.0
7
472.0 414.0
-97.0 -149.0
-378.0 175.0
-290.0 279.0
14.0 380.0
-413.0 -316.0
449.0 -283.0
7
73.0 -400.0
-355.0 -167.0
172.0 79.0
3.0 -33.0
-82.0 387.0
169.0 -134.0
236.0 387.0
7
162.0 -238.0
-62.0 -203.0
-149.0 428.0
-438.0 243.0
162.0 341.0
-114.0 -151.0
486.0 195.0
7
-476.0 123.0
202.0 -301.0
-371.0 319.0
253.0 473.0
-479.0 -21.0
138.0 -276.0
498.0 310.0
7
309.0 -482.0
-89.0 474.0
39.0 -54.0
438.0 470.0
235.0 426.0
-487.0 -468.0
-205.0 -354.0
7
53.0 -295.0
-316.0 462.0
42.0 370.0
98.0 242.0
-136.0 -18.0
143.0 -368.0
-486.0 -377.0
7
-12.0 -62.0
444.0 -268.0
130.0 -407.0
-379.0 -225.0
-471.0 -286.0
-428.0 302.0
-42.0 -201.0
7
-383.0 53.0
425.0 -353.0
73.0 363.0
-276.0 -96.0
132.0 295.0
133.0 -397.0
458.0 456.0
7
-429.0 272.0
-265.0 -334.0
243.0 -196.0
-56.0 -188.0
23.0 -39.0
306.0 -112.0
-225.0 44.0
7
-228.0 138.0
-127.0 -228.0
-396.0 311.0
127.0 -415.0
-31.0 -399.0
-482.0 214.0
423.0 -32.0
7
363.0 -105.0
-304.0 221.0
456.0 -156.0
-254.0 -13.0
-39.0 -52.0
283.0 -325.0
-319.0 48.0
7
270.0 -347.0
-59.0 -133.0
-250.0 231.0
-340.0 250.0
495.0 478.0
-271.0 488.0
95.0 -392.0
7
-477.0 48.0
-253.0 -487.0
-94.0 -157.0
-34.0 266.0
158.0 -97.0
232.0 4.0
4.0 -268.0
7
385.0 448.0
-410.0 191.0
38.0 404.0
-376.0 -304.0
419.0 -492.0
-236.0 -200.0
-263.0 83.0
7
-26.0 300.0
-43.0 -333.0
396.0 449.0
29.0 319.0
-233.0 -124.0
-404.0 349.0
193.0 -87.0
7
-110.0 -24.0
-357.0 -251.0
3.0 199.0
-477.0 -386.0
-388.0 305.0
-302.0 479.0
267.0 405.0
7
-307.0 -10.0
274.0 441.0
314.0 101.0
245.0 -417.0
-163.0 -81.0
121.0 60.0
317.0 -232.0
7
-132.0 -85.0
11.0 -392.0
70.0 -299.0
385.0 -410.0
-438.0 189.0
192.0 107.0
-3.0 -480.0
7
-63.0 -486.0
-375.0 329.0
-364.0 290.0
468.0 -256.0
26.0 -241.0
68.0 -61.0
-149.0 -304.0
7
111.0 -386.0
316.0 -464.0
418.0 -419.0
-44.0 -30.0
74.0 -432.0
269.0 27.0
44.0 162.0
7
145.0 101.0
-495.0 -263.0
-306.0 -446.0
-27.0 -329.0
123.0 -198.0
193.0 2.0
3.0 -385.0
7
315.0 -21.0
227.0 -331.0
-243.0 434.0
-253.0 452.0
444.0 378.0
59.0 76.0
439.0 -17.0
7
260.0 -67.0
326.0 -344.0
-354.0 495.0
73.0 60.0
495.0 -177.0
293.0 304.0
-450.0 220.0
7
142.0 -87.0
-436.0 423.0
455.0 16.0
134.0 396.0
97.0 -282.0
-113.0 -16.0
-31.0 -483.0
7
-7.0 -398.0
-459.0 -136.0
-397.0 -145.0
395.0 -463.0
-275.0 424.0
360.0 -34.0
-356.0 -242.0
7
201.0 -388.0
368.0 -196.0
-256.0 -411.0
-146.0 312.0
247.0 288.0
404.0 350.0
-447.0 -67.0
7
-41.0 450.0
146.0 425.0
-18.0 -260.0
3.0 -22.0
-335.0 61.0
-428.0 -169.0
-134.0 464.0
7
-286.0 -199.0
-185.0 -125.0
325.0 -78.0
-209.0 -169.0
-483.0 -82.0
-53.0 381.0
312.0 -388.0
7
-430.0 -36.0
-85.0 181.0
367.0 437.0
28.0 86.0
184.0 481.0
-171.0 357.0
-464.0 462.0
7
305.0 389.0
338.0 111.0
187.0 228.0
-403.0 133.0
449.0 339.0
-243.0 318.0
-227.0 414.0
7
-350.0 -73.0
72.0 -423.0
256.0 226.0
44.0 53.0
-457.0 -392.0
433.0 -323.0
399.0 -184.0
7
-211.0 391.0
134.0 -41.0
-362.0 -381.0
363.0 -164.0
183.0 51.0
-499.0 -388.0
348.0 -71.0
7
299.0 -157.0
-209.0 91.0
219.0 476.0
-432.0 -374.0
-357.0 80.0
206.0 -96.0
-239.0 230.0
7
-116.0 -298.0
-45.0 -343.0
197.0 -388.0
-233.0 435.0
468.0 -27.0
438.0 -64.0
-133.0 -303.0
7
97.0 179.0
478.0 407.0
374.0 -343.0
-101.0 373.0
-291.0 473.0
-400.0 122.0
-62.0 -235.0
7
405.0 -475.0
-487.0 341.0
-379.0 -403.0
471.0 158.0
434.0 -489.0
-327.0 -265.0
-62.0 -100.0
7
276.0 -83.0
-74.0 -433.0
-316.0 330.0
-476.0 -3.0
-81.0 -307.0
189.0 -493.0
260.0 424.0
7
-403.0 -105.0
-322.0 467.0
-198.0 -8.0
2.0 -411.0
166.0 -462.0
420.0 147.0
47.0 286.0
7
-358.0 -285.0
-322.0 3.0
149.0 448.0
463.0 -21.0
54.0 408.0
-391.0 -232.0
-393.0 7.0
7
43.0 -284.0
22.0 68.0
-113.0 -458.0
-213.0 486.0
-245.0 -355.0
166.0 290.0
118.0 -201.0
7
-38.0 464.0
-272.0 -58.0
-198.0 -454.0
-378.0 -354.0
315.0 282.0
45.0 -95.0
-274.0 170.0
7
257.0 482.0
241.0 -127.0
352.0 429.0
-349.0 62.0
234.0 21.0
-357.0 175.0
279.0 22.0
7
5.0 63.0
57.0 -233.0
-14.0 467.0
-328.0 161.0
-38.0 -434.0
226.0 -254.0
309.0 -436.0
7
461.0 293.0
-245.0 207.0
373.0 -170.0
-311.0 -196.0
-291.0 -329.0
456.0 296.0
157.0 -26.0
7
-305.0 -59.0
135.0 -69.0
-164.0 -95.0
42.0 -457.0
-7.0 71.0
-182.0 358.0
310.0 1.0
7
256.0 -377.0
253.0 178.0
-488.0 82.0
-169.0 359.0
240.0 323.0
218.0 223.0
-484.0 -495.0
7
-185.0 -109.0
289.0 -417.0
330.0 216.0
356.0 355.0
219.0 -343.0
-362.0 -200.0
-425.0 -3.0
7
-168.0 -125.0
-294.0 328.0
125.0 -374.0
405.0 62.0
221.0 432.0
425.0 493.0
304.0 6.0
7
347.0 76.0
131.0 496.0
-245.0 -436.0
300.0 -344.0
-30.0 479.0
73.0 -36.0
3.0 -96.0
7
338.0 303.0
254.0 212.0
-50.0 211.0
-74.0 -294.0
351.0 27.0
447.0 83.0
-163.0 54.0
7
75.0 -87.0
-446.0 241.0
366.0 -39.0
-156.0 75.0
211.0 -1.0
133.0 -316.0
-339.0 270.0
7
-307.0 -45.0
-411.0 166.0
-301.0 -39.0
37.0 194.0
160.0 -284.0
-479.0 275.0
470.0 -28.0
7
-7.0 225.0
261.0 -295.0
-335.0 -422.0
81.0 -418.0
-248.0 464.0
310.0 -295.0
320.0 -21.0
7
105.0 -497.0
-276.0 -349.0
-295.0 499.0
489.0 -271.0
-130.0 222.0
-271.0 -62.0
-434.0 409.0
7
252.0 372.0
385.0 -36.0
330.0 -93.0
449.0 290.0
487.0 269.0
111.0 -322.0
356.0 -259.0
7
-133.0 -46.0
77.0 -440.0
-103.0 -246.0
4.0 7.0
169.0 -446.0
199.0 -230.0
-31.0 52.0
7
-166.0 -68.0
-328.0 -41.0
-415.0 26.0
-380.0 -137.0
-163.0 -165.0
65.0 36.0
106.0 -79.0
7
101.0 -362.0
289.0 -282.0
107.0 -239.0
450.0 -358.0
-459.0 -471.0
184.0 -196.0
-328.0 17.0
7
-157.0 258.0
248.0 -251.0
390.0 131.0
238.0 -391.0
-236.0 -437.0
-42.0 -291.0
-121.0 -28.0
7
131.0 24.0
409.0 358.0
384.0 -283.0
-57.0 31.0
322.0 246.0
-260.0 442.0
322.0 -446.0
7
-10.0 187.0
82.0 358.0
175.0 333.0
-194.0 475.0
5.0 -31.0
-431.0 -248.0
193.0 399.0
7
130.0 -133.0
-25.0 -370.0
-362.0 -57.0
-500.0 133.0
479.0 -338.0
-459.0 407.0
274.0 -182.0
7
65.0 -500.0
279.0 -400.0
-54.0 155.0
282.0 -83.0
-404.0 -67.0
-144.0 -119.0
-468.0 329.0
7
-178.0 -323.0
-424.0 228.0
-453.0 -84.0
-373.0 143.0
260.0 53.0
495.0 -437.0
385.0 -351.0
7
-292.0 296.0
140.0 2.0
-313.0 56.0
259.0 -251.0
338.0 465.0
323.0 267.0
197.0 435.0
7
223.0 496.0
42.0 261.0
260.0 -133.0
95.0 -136.0
-343.0 -455.0
399.0 -467.0
-290.0 -32.0
7
-6.0 289.0
70.0 -127.0
-210.0 -295.0
-220.0 -138.0
-285.0 -467.0
-476.0 -152.0
276.0 351.0
7
237.0 96.0
472.0 243.0
-475.0 305.0
-70.0 124.0
433.0 55.0
-465.0 349.0
-303.0 -20.0
7
-323.0 -355.0
477.0 402.0
236.0 -17.0
371.0 -292.0
-376.0 -187.0
55.0 -491.0
480.0 -321.0
7
-166.0 378.0
51.0 -354.0
78.0 405.0
232.0 -213.0
-394.0 -84.0
-306.0 -229.0
-21.0 149.0
7
-373.0 350.0
-484.0 -276.0
179.0 -499.0
-403.0 238.0
416.0 219.0
-233.0 162.0
-40.0 -213.0
7
-194.0 407.0
-154.0 -145.0
-396.0 247.0
211.0 -333.0
-438.0 -80.0
4.0 441.0
444.0 64.0
7
449.0 -187.0
360.0 -161.0
-364.0 -342.0
184.0 -69.0
101.0 439.0
-341.0 -310.0
-320.0 206.0
7
224.0 169.0
-117.0 -344.0
-478.0 -122.0
409.0 -142.0
-208.0 359.0
412.0 -115.0
-459.0 -255.0
7
-308.0 246.0
-301.0 -126.0
-35.0 468.0
262.0 -364.0
89.0 330.0
117.0 483.0
174.0 -486.0
7
79.0 496.0
-275.0 487.0
410.0 -273.0
225.0 -436.0
91.0 -202.0
-379.0 -159.0
321.0 -20.0
7
-314.0 -227.0
392.0 -484.0
81.0 301.0
283.0 101.0
285.0 293.0
198.0 -390.0
288.0 -477.0
7
315.0 351.0
320.0 -249.0
-253.0 -251.0
190.0 -326.0
-26.0 498.0
-200.0 -298.0
294.0 -456.0
7
-83.0 -280.0
138.0 17.0
294.0 34.0
7.0 191.0
412.0 -82.0
263.0 -463.0
79.0 -394.0
7
77.0 237.0
197.0 341.0
-254.0 -245.0
-237.0 -353.0
500.0 342.0
158.0 -113.0
462.0 -86.0
7
-471.0 231.0
463.0 24.0
127.0 -75.0
109.0 -316.0
-361.0 -116.0
-328.0 311.0
393.0 256.0
7
500.0 -432.0
451.0 209.0
490.0 335.0
-369.0 367.0
-229.0 -203.0
34.0 286.0
-308.0 -347.0
7
-207.0 -81.0
463.0 -224.0
78.0 103.0
428.0 280.0
-86.0 -213.0
-400.0 481.0
-87.0 -130.0
7
-408.0 -416.0
-364.0 138.0
-385.0 399.0
108.0 -396.0
293.0 80.0
-271.0 409.0
315.0 -321.0
7
-256.0 -280.0
445.0 -424.0
-456.0 169.0
-68.0 -80.0
66.0 93.0
336.0 -350.0
-399.0 495.0
7
289.0 154.0
497.0 479.0
281.0 467.0
-374.0 -500.0
314.0 5.0
-495.0 -292.0
156.0 -464.0
7
-61.0 -238.0
196.0 -179.0
286.0 -216.0
215.0 314.0
130.0 -51.0
212.0 282.0
-76.0 163.0
7
72.0 162.0
469.0 97.0
156.0 368.0
-494.0 481.0
-318.0 98.0
296.0 243.0
313.0 203.0
7
-22.0 53.0
-237.0 -423.0
-253.0 -30.0
-179.0 456.0
-18.0 327.0
93.0 -352.0
45.0 349.0
7
-386.0 -435.0
357.0 381.0
384.0 -421.0
254.0 17.0
66.0 -245.0
434.0 470.0
441.0 83.0
7
10.0 306.0
404.0 -459.0
-19.0 370.0
-360.0 -430.0
-259.0 -44.0
148.0 492.0
260.0 469.0
7
-88.0 -234.0
-27.0 -106.0
-117.0 -430.0
344.0 -349.0
443.0 9.0
366.0 211.0
-117.0 -480.0
7
427.0 -33.0
452.0 -453.0
500.0 -358.0
-132.0 -206.0
186.0 -490.0
111.0 -469.0
374.0 -23.0
7
-82.0 258.0
-294.0 -119.0
-144.0 -111.0
-430.0 176.0
44.0 5.0
405.0 76.0
116.0 462.0
7
200.0 69.0
-472.0 26.0
63.0 186.0
485.0 72.0
165.0 -243.0
-88.0 237.0
-322.0 -482.0
7
-4.0 -495.0
-222.0 -117.0
319.0 340.0
-268.0 -103.0
357.0 -60.0
447.0 212.0
420.0 49.0
7
-328.0 450.0
-170.0 -202.0
-146.0 201.0
186.0 -272.0
474.0 -252.0
-379.0 204.0
23.0 311.0
7
-58.0 -90.0
241.0 186.0
-183.0 236.0
293.0 -157.0
58.0 444.0
-117.0 208.0
329.0 -411.0
7
423.0 -390.0
140.0 -467.0
67.0 -355.0
38.0 -452.0
-379.0 328.0
-460.0 -98.0
143.0 278.0
7
180.0 -79.0
-393.0 207.0
249.0 -398.0
-418.0 259.0
-223.0 -473.0
-112.0 -326.0
488.0 -403.0
7
-499.0 450.0
211.0 -394.0
421.0 352.0
-90.0 417.0
-383.0 -205.0
429.0 174.0
244.0 -458.0
7
-347.0 243.0
24.0 380.0
-410.0 -200.0
-350.0 56.0
259.0 -137.0
413.0 437.0
-78.0 -224.0
7
193.0 396.0
-335.0 69.0
279.0 144.0
-251.0 -138.0
-132.0 -212.0
-209.0 98.0
245.0 363.0
7
-160.0 440.0
-467.0 -345.0
-224.0 -62.0
412.0 -97.0
-364.0 -445.0
473.0 -98.0
147.0 -414.0
7
34.0 466.0
-289.0 -383.0
347.0 479.0
357.0 256.0
478.0 400.0
-225.0 -134.0
94.0 432.0
7
-333.0 263.0
-3.0 436.0
72.0 -138.0
-202.0 -151.0
-214.0 -149.0
-244.0 305.0
72.0 355.0
7
-10.0 6.0
-7.0 -109.0
-301.0 229.0
1.0 116.0
-185.0 -136.0
205.0 26.0
-74.0 274.0
7
61.0 500.0
-154.0 125.0
198.0 409.0
-387.0 394.0
-24.0 -270.0
-347.0 -431.0
31.0 55.0
7
-256.0 -33.0
292.0 9.0
338.0 -431.0
175.0 -100.0
200.0 -392.0
114.0 24.0
-137.0 -217.0
7
-162.0 411.0
-267.0 -145.0
325.0 -217.0
-398.0 -301.0
-403.0 -179.0
-13.0 -228.0
118.0 416.0
7
280.0 -356.0
-419.0 92.0
-472.0 320.0
-273.0 159.0
-50.0 124.0
283.0 -115.0
178.0 33.0
7
-321.0 160.0
-234.0 -254.0
-169.0 457.0
-131.0 -140.0
-359.0 491.0
90.0 -323.0
389.0 434.0
