3
1692
-490.0 -159.0
420.0 323.0
-253.0 -304.0
291.0 426.0
171.0 352.0
-210.0 265.0
24.0 287.0
-76.0 2.0
-101.0 -312.0
-212.0 202.0
218.0 -491.0
330.0 282.0
-440.0 -11.0
-150.0 -342.0
-195.0 -44.0
-227.0 62.0
465.0 426.0
253.0 -238.0
-458.0 -216.0
-86.0 -277.0
299.0 352.0
-175.0 354.0
333.0 -295.0
356.0 472.0
-124.0 -123.0
-35.0 373.0
-102.0 481.0
69.0 85.0
-154.0 -203.0
-336.0 364.0
-38.0 126.0
-341.0 251.0
-311.0 234.0
-182.0 246.0
-48.0 24.0
261.0 165.0
142.0 -88.0
245.0 -180.0
213.0 76.0
489.0 310.0
-79.0 -405.0
-490.0 29.0
301.0 376.0
-142.0 78.0
325.0 -35.0
-302.0 -7.0
-258.0 50.0
332.0 -420.0
-22.0 311.0
-219.0 317.0
-102.0 333.0
-289.0 -297.0
454.0 -163.0
264.0 -164.0
67.0 311.0
269.0 -450.0
-337.0 -418.0
411.0 372.0
183.0 100.0
-247.0 -303.0
-107.0 246.0
-93.0 -340.0
11.0 205.0
-2.0 -424.0
-368.0 447.0
264.0 -211.0
343.0 -445.0
-297.0 96.0
486.0 367.0
-300.0 -148.0
-49.0 116.0
290.0 366.0
4.0 -378.0
-260.0 392.0
299.0 437.0
-286.0 -76.0
42.0 -135.0
-34.0 -23.0
-358.0 407.0
-119.0 458.0
-283.0 385.0
-91.0 -482.0
-472.0 92.0
176.0 325.0
-478.0 171.0
139.0 483.0
-384.0 310.0
23.0 -117.0
65.0 113.0
-141.0 424.0
-115.0 -110.0
188.0 78.0
-146.0 65.0
409.0 -116.0
-21.0 275.0
117.0 -147.0
327.0 111.0
360.0 -6.0
394.0 435.0
64.0 465.0
-439.0 41.0
227.0 61.0
139.0 -462.0
132.0 -321.0
-263.0 -352.0
466.0 -13.0
-142.0 238.0
-394.0 139.0
-458.0 109.0
-428.0 -116.0
451.0 -475.0
-225.0 -416.0
-494.0 -228.0
-456.0 53.0
-173.0 -201.0
476.0 337.0
-387.0 270.0
-408.0 -101.0
107.0 105.0
-205.0 -137.0
-405.0 378.0
258.0 -182.0
-49.0 279.0
-350.0 243.0
-391.0 -177.0
480.0 -208.0
-52.0 -112.0
-300.0 416.0
25.0 256.0
162.0 183.0
444.0 -144.0
463.0 -387.0
231.0 -207.0
176.0 271.0
-371.0 420.0
428.0 -8.0
-134.0 -451.0
52.0 -262.0
-296.0 195.0
493.0 -230.0
-374.0 -168.0
276.0 472.0
-430.0 -251.0
-136.0 357.0
354.0 -193.0
-195.0 -274.0
233.0 46.0
200.0 322.0
-87.0 103.0
84.0 -256.0
125.0 198.0
109.0 284.0
480.0 -91.0
299.0 -381.0
88.0 -454.0
425.0 163.0
246.0 466.0
376.0 -426.0
-77.0 203.0
450.0 135.0
4.0 -121.0
70.0 442.0
-98.0 239.0
178.0 190.0
-146.0 82.0
-156.0 -79.0
-149.0 -269.0
-151.0 -40.0
-379.0 340.0
-498.0 -168.0
139.0 -455.0
-76.0 231.0
-167.0 -463.0
-361.0 -185.0
-461.0 45.0
-398.0 396.0
492.0 411.0
212.0 102.0
333.0 -62.0
-165.0 444.0
293.0 58.0
263.0 -250.0
-67.0 59.0
-128.0 -281.0
-480.0 -322.0
208.0 310.0
235.0 -384.0
495.0 -167.0
-355.0 -65.0
468.0 -91.0
99.0 -272.0
-301.0 -25.0
177.0 -309.0
-295.0 -453.0
-135.0 316.0
-354.0 -368.0
266.0 171.0
266.0 92.0
-298.0 440.0
-466.0 -106.0
-110.0 -61.0
482.0 -75.0
-24.0 159.0
249.0 338.0
-296.0 314.0
411.0 -480.0
-472.0 181.0
108.0 -82.0
-336.0 -161.0
-88.0 -149.0
15.0 -107.0
350.0 -339.0
494.0 115.0
-41.0 -134.0
-272.0 -496.0
87.0 -99.0
310.0 -153.0
-181.0 277.0
178.0 -291.0
-268.0 73.0
-488.0 -9.0
67.0 49.0
-32.0 -198.0
234.0 106.0
384.0 -157.0
-286.0 460.0
-294.0 -328.0
-207.0 -155.0
236.0 -343.0
-283.0 -235.0
233.0 -455.0
209.0 -335.0
322.0 -140.0
-274.0 408.0
334.0 -113.0
-129.0 100.0
-287.0 -367.0
-353.0 -220.0
31.0 421.0
10.0 304.0
-132.0 -391.0
25.0 160.0
-206.0 -17.0
-176.0 -133.0
-285.0 -402.0
-245.0 -15.0
-292.0 103.0
110.0 256.0
17.0 354.0
440.0 -316.0
163.0 -122.0
302.0 -255.0
424.0 376.0
-9.0 272.0
-408.0 -432.0
-352.0 -314.0
-197.0 -146.0
238.0 -144.0
40.0 140.0
-400.0 -96.0
-435.0 -228.0
-138.0 162.0
-459.0 -329.0
-204.0 367.0
-398.0 452.0
-279.0 -231.0
-150.0 149.0
60.0 499.0
249.0 189.0
275.0 410.0
-477.0 -75.0
-55.0 -151.0
-360.0 164.0
195.0 -352.0
-189.0 -288.0
-494.0 -347.0
209.0 -76.0
-378.0 323.0
71.0 366.0
-81.0 126.0
-399.0 252.0
123.0 -332.0
379.0 -207.0
-162.0 -217.0
-150.0 51.0
155.0 153.0
486.0 -13.0
453.0 261.0
-379.0 462.0
-238.0 -174.0
248.0 146.0
186.0 414.0
101.0 375.0
-92.0 -192.0
496.0 142.0
165.0 -171.0
-81.0 436.0
-389.0 52.0
1.0 -243.0
137.0 -373.0
-386.0 439.0
382.0 20.0
72.0 -53.0
-154.0 -82.0
-160.0 -276.0
86.0 285.0
-498.0 -413.0
-111.0 467.0
-44.0 383.0
233.0 -144.0
356.0 496.0
-274.0 -416.0
-365.0 73.0
-311.0 -183.0
158.0 155.0
-142.0 179.0
-90.0 110.0
489.0 488.0
-243.0 -77.0
-472.0 -477.0
99.0 -248.0
-234.0 -162.0
258.0 -26.0
166.0 -351.0
-464.0 -353.0
478.0 166.0
-236.0 13.0
83.0 217.0
-228.0 214.0
59.0 102.0
339.0 -128.0
409.0 -487.0
-355.0 -193.0
-379.0 -466.0
421.0 -1.0
174.0 61.0
-359.0 492.0
53.0 330.0
240.0 388.0
90.0 -111.0
-294.0 393.0
402.0 -143.0
-58.0 -242.0
480.0 -440.0
337.0 451.0
328.0 -484.0
-408.0 474.0
-229.0 -1.0
-150.0 439.0
-469.0 -217.0
-316.0 500.0
-483.0 -410.0
411.0 -256.0
133.0 50.0
-85.0 -483.0
452.0 -358.0
139.0 -302.0
-62.0 219.0
-338.0 -373.0
-475.0 -16.0
207.0 176.0
429.0 348.0
478.0 148.0
410.0 464.0
-65.0 249.0
485.0 -353.0
-66.0 436.0
-493.0 427.0
-380.0 293.0
-493.0 320.0
-471.0 -63.0
-245.0 -185.0
268.0 419.0
84.0 -279.0
273.0 479.0
-495.0 407.0
-72.0 416.0
-257.0 193.0
313.0 107.0
-348.0 -450.0
392.0 -253.0
474.0 439.0
300.0 500.0
366.0 268.0
156.0 150.0
-84.0 9.0
461.0 -295.0
-33.0 34.0
-140.0 -418.0
417.0 -357.0
95.0 221.0
325.0 166.0
74.0 -431.0
241.0 339.0
19.0 135.0
236.0 -263.0
236.0 418.0
-426.0 349.0
-383.0 -211.0
403.0 -132.0
154.0 -272.0
211.0 -333.0
-291.0 215.0
-24.0 -350.0
-69.0 -26.0
-185.0 -308.0
-248.0 210.0
-216.0 377.0
-42.0 -278.0
-372.0 241.0
212.0 -82.0
-314.0 -253.0
-408.0 82.0
149.0 -407.0
-271.0 -468.0
209.0 285.0
174.0 -209.0
-82.0 -33.0
86.0 -143.0
424.0 459.0
-477.0 58.0
428.0 -240.0
-400.0 -231.0
49.0 284.0
301.0 31.0
289.0 464.0
174.0 -14.0
482.0 -192.0
-124.0 291.0
354.0 -158.0
-157.0 -367.0
40.0 -430.0
-80.0 -431.0
-79.0 -213.0
430.0 -207.0
-346.0 -464.0
-278.0 -367.0
-388.0 281.0
-88.0 -295.0
-422.0 -418.0
177.0 -411.0
149.0 97.0
69.0 -427.0
67.0 46.0
-364.0 53.0
-143.0 -355.0
-54.0 122.0
300.0 134.0
184.0 208.0
411.0 281.0
-447.0 23.0
-240.0 47.0
-146.0 -35.0
-406.0 -200.0
410.0 -53.0
250.0 -267.0
285.0 -392.0
-284.0 -455.0
-172.0 45.0
-285.0 355.0
-73.0 282.0
-428.0 -410.0
243.0 120.0
-22.0 -65.0
-120.0 -343.0
-308.0 -499.0
-83.0 -400.0
238.0 -404.0
-297.0 420.0
3.0 -293.0
-78.0 -365.0
-118.0 -162.0
135.0 -458.0
-396.0 -256.0
499.0 -263.0
15.0 334.0
-345.0 -318.0
298.0 35.0
207.0 -263.0
-463.0 -445.0
-173.0 233.0
-300.0 -122.0
380.0 418.0
-99.0 -269.0
436.0 -411.0
363.0 159.0
91.0 -185.0
-128.0 -153.0
-451.0 205.0
358.0 407.0
180.0 323.0
268.0 -400.0
303.0 86.0
268.0 380.0
-349.0 -241.0
193.0 -256.0
-446.0 142.0
-252.0 389.0
241.0 -349.0
-2.0 448.0
-457.0 -404.0
11.0 -375.0
53.0 24.0
-170.0 -156.0
-90.0 -385.0
386.0 -125.0
-337.0 -338.0
218.0 -47.0
299.0 -292.0
-291.0 -233.0
343.0 -108.0
-388.0 442.0
154.0 61.0
-384.0 130.0
-482.0 302.0
-485.0 209.0
348.0 361.0
497.0 -435.0
75.0 -136.0
38.0 -328.0
-250.0 -167.0
206.0 311.0
-426.0 314.0
168.0 223.0
-375.0 326.0
-374.0 -338.0
85.0 419.0
-470.0 203.0
-217.0 156.0
242.0 111.0
-345.0 -410.0
-388.0 155.0
52.0 349.0
23.0 335.0
-42.0 -47.0
59.0 182.0
-382.0 -337.0
406.0 313.0
-386.0 -225.0
389.0 -187.0
473.0 284.0
413.0 44.0
347.0 27.0
218.0 406.0
364.0 -19.0
237.0 228.0
-64.0 -51.0
7.0 22.0
208.0 -177.0
156.0 -19.0
-236.0 381.0
-459.0 265.0
-272.0 140.0
-397.0 -326.0
445.0 4.0
87.0 -461.0
174.0 -200.0
3.0 -431.0
-88.0 -189.0
121.0 248.0
-155.0 -171.0
285.0 -467.0
-220.0 194.0
-26.0 -335.0
353.0 350.0
-376.0 -102.0
-465.0 84.0
272.0 207.0
297.0 -214.0
280.0 11.0
-12.0 -263.0
-151.0 18.0
366.0 -112.0
-209.0 154.0
135.0 -171.0
-239.0 -238.0
-405.0 -259.0
-88.0 -240.0
374.0 59.0
186.0 130.0
32.0 -124.0
412.0 60.0
285.0 -120.0
164.0 -311.0
115.0 -185.0
314.0 290.0
297.0 -223.0
360.0 -194.0
351.0 344.0
315.0 -144.0
-84.0 -70.0
-18.0 -245.0
441.0 -435.0
315.0 138.0
175.0 64.0
173.0 147.0
-122.0 -164.0
-304.0 34.0
-426.0 -488.0
65.0 -211.0
499.0 107.0
-392.0 -363.0
-255.0 13.0
250.0 -75.0
207.0 -279.0
-386.0 48.0
-25.0 -347.0
-206.0 19.0
-180.0 -19.0
454.0 318.0
-10.0 128.0
344.0 -242.0
433.0 440.0
474.0 -420.0
57.0 -56.0
-290.0 86.0
162.0 -348.0
417.0 263.0
426.0 26.0
292.0 397.0
-41.0 -3.0
-404.0 137.0
385.0 167.0
63.0 -238.0
281.0 288.0
140.0 -257.0
-93.0 54.0
-472.0 30.0
254.0 159.0
328.0 -68.0
389.0 -168.0
-46.0 146.0
399.0 112.0
-2.0 348.0
-219.0 -365.0
-379.0 448.0
116.0 -463.0
-70.0 -233.0
-216.0 -389.0
-288.0 12.0
402.0 139.0
-307.0 -330.0
439.0 75.0
77.0 -177.0
-365.0 -8.0
-496.0 306.0
14.0 -436.0
-143.0 -170.0
-189.0 495.0
292.0 459.0
-253.0 -171.0
-420.0 -201.0
35.0 -497.0
476.0 -389.0
319.0 -475.0
-469.0 64.0
-88.0 345.0
219.0 -229.0
-334.0 184.0
103.0 -422.0
-487.0 -292.0
450.0 -3.0
482.0 380.0
-498.0 -188.0
-141.0 -181.0
-262.0 -99.0
440.0 311.0
-377.0 -40.0
410.0 -186.0
473.0 -385.0
94.0 -227.0
-421.0 -70.0
-160.0 412.0
-172.0 -298.0
-334.0 -155.0
213.0 238.0
143.0 398.0
-453.0 -364.0
400.0 -243.0
199.0 441.0
-176.0 -245.0
-325.0 144.0
-336.0 -347.0
-297.0 -46.0
443.0 -160.0
340.0 452.0
-318.0 176.0
349.0 -333.0
82.0 360.0
242.0 47.0
173.0 8.0
-173.0 175.0
-338.0 476.0
284.0 -353.0
-456.0 -338.0
429.0 458.0
137.0 280.0
121.0 43.0
278.0 -284.0
-488.0 -462.0
380.0 119.0
-218.0 -249.0
-334.0 -140.0
-16.0 -155.0
-135.0 134.0
-179.0 193.0
-92.0 53.0
236.0 -123.0
354.0 139.0
-119.0 318.0
214.0 439.0
-293.0 -415.0
481.0 -479.0
-276.0 -342.0
-179.0 323.0
252.0 -458.0
324.0 109.0
-108.0 -12.0
82.0 230.0
-120.0 -79.0
-216.0 59.0
425.0 -329.0
-239.0 210.0
-389.0 -44.0
455.0 -419.0
-319.0 313.0
203.0 -377.0
196.0 420.0
-346.0 -342.0
197.0 253.0
-126.0 381.0
409.0 1.0
201.0 124.0
384.0 371.0
-167.0 -93.0
-290.0 -38.0
25.0 -112.0
145.0 -408.0
22.0 184.0
-157.0 -269.0
-70.0 -172.0
170.0 177.0
16.0 199.0
-308.0 -94.0
-234.0 -456.0
366.0 284.0
-260.0 -124.0
242.0 104.0
145.0 223.0
-462.0 283.0
-232.0 -21.0
-143.0 130.0
144.0 146.0
394.0 -190.0
177.0 250.0
-61.0 308.0
-440.0 216.0
484.0 220.0
352.0 -422.0
-452.0 268.0
327.0 -271.0
232.0 -168.0
177.0 467.0
447.0 283.0
-427.0 -193.0
432.0 376.0
244.0 -270.0
167.0 204.0
-121.0 465.0
55.0 -293.0
335.0 450.0
-411.0 433.0
-89.0 -360.0
-420.0 -33.0
-224.0 -59.0
-165.0 -76.0
39.0 313.0
457.0 -213.0
-383.0 100.0
52.0 447.0
404.0 -40.0
314.0 -387.0
39.0 -344.0
250.0 -392.0
253.0 -219.0
464.0 -86.0
-221.0 158.0
11.0 221.0
98.0 -325.0
269.0 -339.0
-256.0 49.0
-292.0 61.0
-121.0 -303.0
-155.0 -449.0
-1.0 227.0
-123.0 -57.0
172.0 -256.0
-459.0 91.0
187.0 -474.0
355.0 251.0
-154.0 -227.0
-461.0 -128.0
-336.0 478.0
143.0 -407.0
-346.0 375.0
416.0 444.0
-323.0 -39.0
102.0 349.0
-83.0 -91.0
-16.0 310.0
-264.0 -26.0
-164.0 -455.0
-169.0 239.0
270.0 449.0
-142.0 443.0
-148.0 359.0
-13.0 239.0
-452.0 1.0
118.0 44.0
202.0 386.0
437.0 2.0
-51.0 -174.0
-177.0 67.0
84.0 221.0
-266.0 315.0
338.0 -84.0
-30.0 296.0
-392.0 -31.0
361.0 274.0
78.0 -59.0
-270.0 -432.0
132.0 -166.0
-143.0 -268.0
-192.0 -209.0
29.0 275.0
308.0 -152.0
333.0 211.0
-374.0 -463.0
325.0 -428.0
287.0 -42.0
-214.0 179.0
325.0 268.0
76.0 414.0
-394.0 -261.0
-6.0 240.0
93.0 -91.0
-450.0 -450.0
216.0 -483.0
-486.0 -373.0
-358.0 194.0
-284.0 -344.0
-369.0 -384.0
-318.0 21.0
-301.0 -26.0
251.0 149.0
62.0 303.0
-266.0 400.0
-294.0 392.0
-316.0 -321.0
59.0 -19.0
-370.0 -241.0
-65.0 -168.0
-457.0 467.0
225.0 -230.0
-471.0 65.0
-388.0 -400.0
-102.0 187.0
387.0 -458.0
-469.0 -365.0
161.0 -89.0
362.0 -130.0
-279.0 -214.0
-64.0 -56.0
301.0 298.0
-135.0 -468.0
88.0 -466.0
328.0 -47.0
-51.0 29.0
-315.0 -289.0
-451.0 454.0
-334.0 180.0
-293.0 -273.0
226.0 -425.0
-289.0 -359.0
311.0 268.0
-276.0 -20.0
-284.0 -88.0
-140.0 326.0
395.0 -370.0
109.0 268.0
83.0 -133.0
-405.0 338.0
421.0 -481.0
79.0 54.0
268.0 250.0
-146.0 -244.0
-197.0 -9.0
-245.0 -380.0
412.0 262.0
1.0 144.0
338.0 -129.0
-249.0 -236.0
-476.0 221.0
295.0 264.0
490.0 123.0
139.0 -316.0
168.0 -35.0
-432.0 -495.0
426.0 -425.0
-85.0 -386.0
100.0 -247.0
490.0 62.0
174.0 -114.0
-308.0 -444.0
434.0 -422.0
258.0 -87.0
-94.0 112.0
364.0 320.0
-498.0 434.0
-403.0 265.0
281.0 -139.0
-185.0 -143.0
120.0 181.0
-250.0 -180.0
-183.0 -331.0
310.0 -474.0
-350.0 -120.0
52.0 142.0
-55.0 256.0
-72.0 -363.0
-125.0 421.0
106.0 332.0
-194.0 -60.0
-9.0 -140.0
-446.0 -50.0
204.0 267.0
-126.0 -322.0
-398.0 -406.0
-263.0 102.0
444.0 -79.0
26.0 -25.0
167.0 405.0
172.0 100.0
432.0 285.0
63.0 -67.0
42.0 424.0
-238.0 342.0
-35.0 -43.0
89.0 270.0
153.0 212.0
23.0 185.0
69.0 455.0
-357.0 -269.0
-12.0 -362.0
-46.0 -115.0
129.0 -2.0
193.0 422.0
205.0 255.0
345.0 -332.0
-490.0 -106.0
-398.0 -35.0
46.0 -265.0
-28.0 -38.0
-453.0 293.0
12.0 274.0
409.0 -409.0
1.0 21.0
383.0 364.0
462.0 101.0
-19.0 -464.0
301.0 -365.0
-414.0 -51.0
-253.0 -377.0
199.0 -35.0
36.0 -147.0
-274.0 -247.0
391.0 -111.0
-434.0 -189.0
215.0 58.0
137.0 14.0
-138.0 -218.0
56.0 173.0
221.0 -301.0
42.0 -136.0
14.0 334.0
452.0 270.0
-234.0 -54.0
218.0 495.0
-100.0 173.0
133.0 -16.0
126.0 76.0
-183.0 -283.0
-163.0 -345.0
451.0 183.0
-32.0 86.0
-136.0 97.0
318.0 240.0
-161.0 -423.0
22.0 284.0
281.0 266.0
-51.0 -343.0
-31.0 286.0
-56.0 249.0
48.0 153.0
275.0 232.0
452.0 236.0
220.0 0.0
453.0 -481.0
87.0 283.0
-155.0 -266.0
-401.0 327.0
470.0 238.0
249.0 -182.0
117.0 -320.0
420.0 488.0
-41.0 78.0
51.0 -181.0
-364.0 -437.0
-350.0 -367.0
56.0 156.0
285.0 88.0
425.0 -113.0
277.0 -170.0
-188.0 -234.0
251.0 -449.0
-168.0 -142.0
137.0 -81.0
56.0 -205.0
-97.0 479.0
-198.0 -5.0
401.0 -464.0
-372.0 121.0
322.0 -159.0
-410.0 7.0
-476.0 -355.0
425.0 322.0
124.0 -66.0
99.0 206.0
27.0 -118.0
-55.0 218.0
43.0 -129.0
-383.0 -31.0
157.0 -252.0
329.0 -361.0
48.0 50.0
-407.0 95.0
-139.0 7.0
359.0 -191.0
-379.0 -76.0
-444.0 -491.0
-216.0 457.0
203.0 -376.0
-42.0 -321.0
-190.0 -252.0
102.0 364.0
-203.0 -219.0
228.0 429.0
-252.0 424.0
-234.0 7.0
451.0 279.0
-180.0 15.0
8.0 30.0
488.0 -374.0
-5.0 212.0
151.0 499.0
396.0 -293.0
131.0 -58.0
-122.0 -350.0
354.0 -465.0
451.0 308.0
254.0 483.0
99.0 -362.0
273.0 65.0
-353.0 -309.0
326.0 422.0
-246.0 -397.0
76.0 -2.0
-400.0 -220.0
478.0 433.0
-266.0 -283.0
-139.0 359.0
-85.0 411.0
-209.0 -11.0
358.0 -413.0
-105.0 92.0
-182.0 45.0
23.0 -291.0
360.0 24.0
-265.0 -54.0
246.0 -266.0
-185.0 -128.0
-301.0 294.0
-175.0 132.0
-7.0 -331.0
216.0 -28.0
-82.0 243.0
332.0 -362.0
229.0 -344.0
-273.0 234.0
417.0 -40.0
114.0 -224.0
342.0 4.0
176.0 51.0
200.0 -269.0
-387.0 -343.0
-282.0 -378.0
459.0 146.0
-177.0 -175.0
-68.0 417.0
-56.0 257.0
-44.0 -223.0
493.0 -471.0
418.0 -378.0
-386.0 -182.0
-328.0 -420.0
1.0 198.0
478.0 -335.0
59.0 44.0
457.0 -210.0
-55.0 -188.0
195.0 188.0
298.0 -39.0
0.0 -175.0
-276.0 72.0
-487.0 115.0
300.0 66.0
362.0 -494.0
-215.0 190.0
223.0 -285.0
-34.0 -142.0
-227.0 214.0
75.0 101.0
-181.0 -268.0
-65.0 -109.0
-27.0 -383.0
-142.0 412.0
-272.0 481.0
-103.0 -181.0
257.0 -144.0
186.0 288.0
162.0 -378.0
-322.0 336.0
-165.0 124.0
340.0 -57.0
50.0 479.0
13.0 -177.0
95.0 22.0
-211.0 -75.0
133.0 313.0
89.0 497.0
375.0 -468.0
-371.0 226.0
-101.0 -366.0
272.0 53.0
370.0 -342.0
322.0 51.0
309.0 109.0
-352.0 253.0
163.0 432.0
-385.0 -476.0
195.0 -1.0
-367.0 -182.0
347.0 334.0
-320.0 1.0
333.0 270.0
-57.0 460.0
-249.0 264.0
274.0 -94.0
370.0 215.0
-499.0 128.0
41.0 284.0
484.0 41.0
-281.0 -434.0
-439.0 430.0
19.0 285.0
-362.0 -75.0
-475.0 387.0
24.0 -271.0
352.0 -5.0
291.0 -391.0
161.0 288.0
-423.0 -379.0
-397.0 10.0
407.0 302.0
-478.0 255.0
-458.0 14.0
194.0 -56.0
200.0 95.0
441.0 446.0
-260.0 -379.0
-249.0 440.0
193.0 402.0
-343.0 -158.0
186.0 317.0
211.0 -498.0
278.0 -438.0
-86.0 -51.0
-476.0 11.0
104.0 -432.0
-257.0 34.0
3.0 331.0
-356.0 -476.0
-9.0 310.0
178.0 -146.0
-66.0 -403.0
47.0 -304.0
-143.0 -197.0
321.0 -104.0
173.0 -77.0
-76.0 250.0
-92.0 83.0
-207.0 258.0
306.0 197.0
-144.0 8.0
-448.0 -325.0
358.0 255.0
321.0 34.0
372.0 376.0
394.0 -215.0
130.0 375.0
-86.0 -326.0
-133.0 152.0
199.0 -369.0
245.0 204.0
462.0 -54.0
-440.0 -59.0
-281.0 334.0
244.0 431.0
343.0 49.0
-162.0 -440.0
-118.0 314.0
-205.0 354.0
-496.0 -275.0
146.0 356.0
-66.0 -71.0
399.0 -395.0
-93.0 -435.0
-122.0 -2.0
29.0 -303.0
281.0 390.0
268.0 -278.0
-307.0 -261.0
-229.0 46.0
322.0 -217.0
-67.0 78.0
356.0 -32.0
-226.0 -205.0
-281.0 451.0
-18.0 206.0
-215.0 -27.0
-412.0 145.0
265.0 -83.0
-193.0 -236.0
-144.0 -379.0
299.0 -41.0
-164.0 417.0
-244.0 -476.0
-35.0 367.0
-444.0 455.0
-317.0 -330.0
-184.0 336.0
-297.0 378.0
435.0 155.0
319.0 84.0
-104.0 340.0
152.0 -231.0
-235.0 137.0
480.0 -378.0
-430.0 -175.0
34.0 263.0
332.0 -268.0
179.0 245.0
497.0 -250.0
113.0 489.0
-429.0 401.0
339.0 156.0
-308.0 -56.0
-350.0 -484.0
-459.0 -220.0
-110.0 -460.0
-358.0 -440.0
222.0 -218.0
-415.0 101.0
228.0 -77.0
-96.0 215.0
-445.0 142.0
-123.0 364.0
292.0 -391.0
23.0 11.0
346.0 121.0
92.0 -299.0
388.0 271.0
-457.0 348.0
-440.0 498.0
227.0 -276.0
-225.0 371.0
-95.0 248.0
431.0 -91.0
110.0 -316.0
326.0 -298.0
431.0 -201.0
-63.0 314.0
154.0 490.0
-50.0 -118.0
-235.0 -459.0
390.0 -140.0
-323.0 131.0
-20.0 -433.0
-90.0 304.0
-432.0 30.0
-310.0 -49.0
-350.0 494.0
163.0 215.0
327.0 114.0
199.0 225.0
144.0 -429.0
-388.0 -207.0
-303.0 125.0
405.0 91.0
282.0 -307.0
45.0 -479.0
-83.0 -262.0
101.0 131.0
416.0 13.0
-473.0 171.0
-42.0 -304.0
-61.0 128.0
-367.0 92.0
449.0 225.0
-243.0 159.0
-195.0 -334.0
258.0 386.0
-407.0 107.0
395.0 321.0
-143.0 215.0
157.0 -144.0
434.0 466.0
-173.0 -197.0
-266.0 460.0
-86.0 351.0
-322.0 -392.0
358.0 30.0
64.0 93.0
423.0 -446.0
220.0 314.0
175.0 466.0
-214.0 -52.0
360.0 -365.0
-260.0 -425.0
-42.0 -31.0
-157.0 -472.0
457.0 438.0
422.0 184.0
345.0 -139.0
150.0 115.0
-497.0 -117.0
-152.0 189.0
-263.0 -41.0
-210.0 -103.0
318.0 -183.0
11.0 451.0
-144.0 7.0
321.0 -446.0
-260.0 399.0
49.0 241.0
-169.0 -233.0
10.0 438.0
2.0 -92.0
-471.0 256.0
250.0 60.0
386.0 80.0
453.0 -321.0
-198.0 -349.0
395.0 -254.0
-100.0 400.0
-165.0 460.0
353.0 -117.0
210.0 465.0
472.0 492.0
-369.0 235.0
69.0 193.0
267.0 -42.0
-455.0 -277.0
457.0 92.0
130.0 -80.0
-244.0 -288.0
-41.0 -369.0
193.0 491.0
-303.0 -5.0
150.0 404.0
-285.0 173.0
-487.0 214.0
-391.0 125.0
-241.0 -112.0
143.0 -452.0
162.0 185.0
-150.0 -26.0
93.0 456.0
-269.0 -298.0
-180.0 -134.0
152.0 -261.0
496.0 360.0
470.0 -217.0
-165.0 -456.0
235.0 441.0
218.0 -83.0
-439.0 251.0
-28.0 272.0
-64.0 483.0
173.0 -196.0
-403.0 158.0
-477.0 -235.0
293.0 -419.0
215.0 -484.0
-328.0 84.0
-487.0 -45.0
256.0 421.0
-439.0 40.0
-135.0 189.0
-466.0 -406.0
319.0 -202.0
-439.0 -290.0
237.0 305.0
-60.0 -153.0
479.0 316.0
168.0 320.0
153.0 -218.0
-176.0 212.0
424.0 -70.0
192.0 -309.0
-124.0 -422.0
-319.0 -264.0
-240.0 -388.0
484.0 -411.0
-34.0 -416.0
-143.0 -217.0
358.0 -197.0
-476.0 -472.0
277.0 186.0
-386.0 -118.0
325.0 300.0
-482.0 94.0
70.0 -368.0
7.0 231.0
-18.0 -37.0
185.0 369.0
300.0 185.0
22.0 340.0
-272.0 149.0
307.0 -473.0
-19.0 369.0
20.0 -450.0
-25.0 -395.0
-378.0 -235.0
-234.0 -276.0
419.0 -102.0
166.0 -490.0
-491.0 176.0
-402.0 464.0
76.0 203.0
-444.0 -493.0
-102.0 -263.0
472.0 401.0
-313.0 443.0
-120.0 -112.0
-42.0 -368.0
14.0 -76.0
156.0 -105.0
96.0 272.0
141.0 -32.0
-323.0 409.0
-7.0 405.0
41.0 -73.0
-237.0 337.0
251.0 250.0
437.0 17.0
424.0 408.0
325.0 49.0
62.0 429.0
-406.0 -82.0
-249.0 175.0
15.0 -164.0
14.0 -155.0
-160.0 377.0
-239.0 -446.0
-64.0 22.0
-154.0 -354.0
347.0 -236.0
494.0 -84.0
-316.0 -252.0
110.0 320.0
-452.0 436.0
397.0 141.0
176.0 179.0
238.0 -71.0
-184.0 -291.0
-407.0 153.0
239.0 190.0
-216.0 -266.0
412.0 -268.0
369.0 391.0
-468.0 92.0
-73.0 -157.0
-335.0 -474.0
448.0 336.0
-282.0 -124.0
47.0 428.0
-356.0 196.0
-481.0 -138.0
-448.0 184.0
-165.0 -414.0
496.0 -116.0
437.0 -135.0
249.0 -120.0
-304.0 477.0
-366.0 -225.0
-422.0 -328.0
-406.0 -94.0
-472.0 294.0
262.0 199.0
-183.0 22.0
-404.0 -391.0
-108.0 -326.0
-212.0 -144.0
-10.0 -295.0
-424.0 314.0
433.0 -416.0
411.0 -192.0
-406.0 -332.0
-333.0 -288.0
-70.0 -210.0
167.0 -471.0
445.0 41.0
-420.0 494.0
-86.0 237.0
-49.0 310.0
-426.0 -248.0
-317.0 199.0
-263.0 -318.0
-179.0 107.0
-142.0 108.0
28.0 409.0
-496.0 -147.0
-89.0 269.0
39.0 271.0
132.0 144.0
-400.0 -443.0
-231.0 -291.0
-180.0 -298.0
290.0 91.0
-288.0 -454.0
-178.0 293.0
-100.0 7.0
248.0 392.0
94.0 93.0
-436.0 207.0
-100.0 -306.0
-109.0 17.0
355.0 -110.0
347.0 -39.0
284.0 -161.0
409.0 -215.0
120.0 -222.0
161.0 231.0
-349.0 465.0
-173.0 -111.0
339.0 -125.0
141.0 27.0
254.0 77.0
-5.0 429.0
-352.0 -374.0
-470.0 218.0
101.0 -4.0
346.0 432.0
-71.0 336.0
248.0 444.0
-454.0 -119.0
474.0 -436.0
-117.0 20.0
-79.0 238.0
-448.0 -287.0
249.0 -350.0
-240.0 42.0
-32.0 -171.0
-24.0 -367.0
102.0 469.0
322.0 384.0
127.0 -346.0
99.0 179.0
-133.0 164.0
-322.0 -401.0
102.0 1.0
-493.0 35.0
-149.0 -376.0
-156.0 268.0
-381.0 -9.0
-91.0 -94.0
166.0 148.0
279.0 -44.0
-71.0 34.0
-487.0 331.0
321.0 500.0
135.0 -465.0
324.0 435.0
-390.0 214.0
203.0 -67.0
93.0 420.0
6.0 66.0
-422.0 -435.0
166.0 -37.0
94.0 267.0
-24.0 274.0
190.0 341.0
384.0 490.0
482.0 195.0
-491.0 -303.0
26.0 -118.0
-377.0 -151.0
29.0 -296.0
407.0 -88.0
351.0 20.0
-20.0 -38.0
-396.0 49.0
-370.0 -318.0
451.0 -169.0
262.0 -271.0
-184.0 476.0
41.0 30.0
407.0 374.0
237.0 -341.0
-398.0 462.0
270.0 296.0
95.0 -223.0
382.0 87.0
-35.0 -366.0
-260.0 -63.0
2.0 -49.0
217.0 -457.0
-149.0 -361.0
218.0 361.0
257.0 -315.0
-205.0 -318.0
-102.0 -205.0
-238.0 -479.0
-332.0 232.0
-198.0 28.0
-313.0 -466.0
487.0 183.0
101.0 -222.0
-191.0 -481.0
-473.0 -350.0
92.0 -271.0
-365.0 -477.0
220.0 -256.0
-470.0 -403.0
339.0 428.0
60.0 354.0
76.0 -109.0
-9.0 87.0
-191.0 -15.0
442.0 -271.0
144.0 -297.0
-182.0 -415.0
-298.0 -185.0
355.0 -197.0
249.0 -12.0
-269.0 -154.0
269.0 -96.0
-105.0 218.0
58.0 -309.0
-429.0 9.0
-469.0 95.0
-467.0 -435.0
-192.0 -254.0
-439.0 -475.0
414.0 392.0
220.0 395.0
-100.0 -38.0
-404.0 -415.0
358.0 388.0
150.0 153.0
460.0 39.0
-172.0 389.0
-70.0 272.0
-84.0 324.0
376.0 -217.0
107.0 -295.0
168.0 -15.0
132.0 100.0
-325.0 -252.0
-137.0 -24.0
-10.0 366.0
1684
239.0 465.0
-309.0 315.0
323.0 395.0
-471.0 -209.0
-61.0 204.0
-83.0 462.0
67.0 42.0
114.0 -468.0
-71.0 -195.0
254.0 192.0
29.0 -13.0
-250.0 64.0
-373.0 139.0
151.0 -424.0
291.0 162.0
-106.0 -36.0
-396.0 34.0
-27.0 23.0
366.0 -387.0
-471.0 134.0
487.0 471.0
-73.0 54.0
-329.0 -468.0
-128.0 465.0
-250.0 -206.0
134.0 235.0
-408.0 -10.0
173.0 -297.0
460.0 -260.0
-37.0 228.0
-389.0 13.0
38.0 -324.0
-9.0 203.0
42.0 -151.0
-223.0 216.0
-288.0 -203.0
419.0 140.0
336.0 122.0
-443.0 -133.0
171.0 -122.0
-80.0 -32.0
491.0 23.0
238.0 61.0
-487.0 -103.0
201.0 152.0
328.0 124.0
-352.0 -11.0
210.0 -100.0
55.0 162.0
-172.0 401.0
-122.0 -498.0
-445.0 -238.0
158.0 -146.0
365.0 -450.0
107.0 -276.0
45.0 65.0
428.0 497.0
349.0 -143.0
-171.0 -107.0
39.0 -308.0
375.0 -264.0
138.0 -391.0
-10.0 379.0
-116.0 185.0
-111.0 128.0
275.0 391.0
395.0 -233.0
166.0 131.0
-347.0 406.0
43.0 -488.0
-158.0 -188.0
92.0 338.0
-343.0 137.0
-472.0 -247.0
181.0 -412.0
5.0 101.0
399.0 232.0
-178.0 278.0
-153.0 151.0
-355.0 -471.0
-386.0 -7.0
-132.0 452.0
421.0 -108.0
-185.0 264.0
135.0 163.0
-417.0 109.0
39.0 158.0
239.0 138.0
120.0 211.0
157.0 -96.0
-182.0 84.0
-309.0 359.0
393.0 261.0
-492.0 435.0
-95.0 63.0
187.0 -88.0
490.0 209.0
81.0 96.0
-10.0 445.0
308.0 -468.0
172.0 345.0
248.0 485.0
-312.0 15.0
129.0 49.0
52.0 14.0
86.0 -412.0
247.0 -262.0
-138.0 441.0
215.0 -92.0
376.0 -345.0
283.0 -89.0
-114.0 413.0
94.0 -466.0
-462.0 -373.0
-243.0 -312.0
-93.0 -70.0
-332.0 6.0
-418.0 324.0
257.0 479.0
-484.0 403.0
167.0 261.0
-389.0 20.0
-220.0 -41.0
-307.0 151.0
-59.0 -349.0
80.0 295.0
395.0 132.0
-178.0 311.0
461.0 350.0
-327.0 31.0
466.0 -460.0
-472.0 416.0
346.0 -192.0
195.0 303.0
-35.0 475.0
-83.0 -427.0
166.0 -49.0
76.0 214.0
291.0 269.0
466.0 -346.0
27.0 67.0
-90.0 -130.0
333.0 314.0
11.0 140.0
411.0 -351.0
-7.0 -213.0
-122.0 -69.0
-400.0 -390.0
425.0 -208.0
195.0 -18.0
296.0 -365.0
168.0 449.0
301.0 335.0
-359.0 -1.0
-40.0 280.0
-344.0 -392.0
319.0 410.0
-126.0 130.0
423.0 -85.0
-194.0 -351.0
329.0 263.0
142.0 161.0
-312.0 366.0
394.0 -223.0
314.0 5.0
321.0 396.0
-449.0 -143.0
-456.0 -131.0
212.0 372.0
348.0 286.0
258.0 397.0
-65.0 281.0
-111.0 309.0
-232.0 181.0
476.0 -490.0
-355.0 328.0
473.0 -299.0
-250.0 415.0
262.0 -157.0
-248.0 269.0
289.0 -104.0
-89.0 369.0
-71.0 -27.0
431.0 -472.0
-484.0 435.0
246.0 -81.0
50.0 -434.0
-245.0 -357.0
293.0 41.0
-225.0 296.0
473.0 277.0
-326.0 373.0
-278.0 -163.0
-351.0 157.0
347.0 255.0
93.0 336.0
-113.0 78.0
-180.0 286.0
428.0 305.0
408.0 -166.0
-349.0 418.0
152.0 -486.0
54.0 -415.0
-101.0 -485.0
429.0 293.0
432.0 93.0
-469.0 -312.0
-12.0 -65.0
196.0 276.0
-371.0 53.0
393.0 -405.0
55.0 -362.0
-286.0 -303.0
-76.0 -299.0
318.0 -390.0
248.0 403.0
-122.0 107.0
241.0 -309.0
-277.0 352.0
130.0 -169.0
315.0 29.0
54.0 7.0
36.0 230.0
274.0 349.0
-302.0 456.0
115.0 253.0
-151.0 -86.0
-298.0 354.0
-21.0 206.0
-457.0 232.0
402.0 93.0
347.0 -143.0
-278.0 -404.0
-190.0 66.0
-353.0 -298.0
-128.0 355.0
-313.0 -407.0
469.0 435.0
289.0 -334.0
-384.0 485.0
480.0 246.0
410.0 211.0
37.0 315.0
105.0 186.0
-276.0 -492.0
-307.0 -18.0
261.0 -301.0
-152.0 -178.0
215.0 -199.0
-372.0 -196.0
205.0 -462.0
204.0 436.0
217.0 127.0
-126.0 -459.0
-156.0 -115.0
422.0 -162.0
58.0 -365.0
227.0 -484.0
233.0 188.0
195.0 -433.0
-296.0 439.0
4.0 277.0
-18.0 -198.0
295.0 87.0
71.0 404.0
-233.0 46.0
15.0 286.0
359.0 -203.0
45.0 464.0
-267.0 -73.0
460.0 -43.0
-293.0 -421.0
-93.0 77.0
275.0 172.0
-439.0 -32.0
164.0 380.0
264.0 215.0
-446.0 160.0
-240.0 -50.0
272.0 297.0
-46.0 -194.0
-218.0 410.0
95.0 -119.0
374.0 487.0
56.0 75.0
-73.0 -349.0
-93.0 202.0
206.0 -484.0
-238.0 -449.0
54.0 48.0
-246.0 335.0
181.0 -126.0
404.0 293.0
315.0 -299.0
-415.0 133.0
128.0 262.0
349.0 -358.0
-124.0 87.0
-101.0 263.0
309.0 -67.0
380.0 -314.0
-137.0 -388.0
118.0 -27.0
278.0 -260.0
253.0 159.0
-334.0 -127.0
223.0 184.0
58.0 350.0
377.0 -257.0
11.0 -141.0
118.0 328.0
91.0 350.0
348.0 -436.0
88.0 311.0
-463.0 328.0
419.0 437.0
402.0 243.0
10.0 280.0
-299.0 -354.0
-116.0 -2.0
204.0 221.0
299.0 126.0
-61.0 -109.0
-371.0 260.0
-451.0 -396.0
-391.0 310.0
84.0 -44.0
-474.0 79.0
346.0 355.0
-469.0 -131.0
97.0 191.0
-55.0 420.0
457.0 -124.0
-165.0 -179.0
-264.0 194.0
446.0 88.0
-264.0 276.0
257.0 350.0
317.0 -27.0
-242.0 -72.0
-485.0 14.0
-44.0 -388.0
-460.0 266.0
-385.0 -409.0
-274.0 80.0
-448.0 -97.0
-414.0 -85.0
28.0 216.0
-495.0 168.0
83.0 -243.0
136.0 -102.0
-431.0 180.0
64.0 399.0
-97.0 469.0
478.0 443.0
-419.0 261.0
-69.0 195.0
-328.0 -83.0
471.0 -102.0
167.0 77.0
-18.0 415.0
62.0 -7.0
-347.0 231.0
-126.0 -432.0
-70.0 -412.0
418.0 -227.0
-251.0 105.0
-448.0 331.0
-457.0 324.0
-201.0 -397.0
426.0 -48.0
-205.0 214.0
-431.0 -325.0
276.0 -498.0
-2.0 29.0
119.0 -113.0
12.0 -46.0
421.0 -162.0
-29.0 -497.0
357.0 290.0
120.0 -426.0
12.0 -141.0
-152.0 388.0
-499.0 -468.0
-190.0 -254.0
-73.0 -260.0
-65.0 233.0
-458.0 9.0
-260.0 -398.0
435.0 -91.0
-257.0 383.0
-6.0 -119.0
-224.0 236.0
337.0 -100.0
276.0 -454.0
204.0 227.0
167.0 -449.0
458.0 -435.0
211.0 380.0
-347.0 346.0
426.0 81.0
139.0 71.0
179.0 343.0
462.0 194.0
220.0 -117.0
330.0 72.0
160.0 445.0
59.0 -117.0
-201.0 -433.0
-327.0 -53.0
32.0 -358.0
-187.0 472.0
-10.0 456.0
-263.0 355.0
29.0 -473.0
147.0 -489.0
177.0 198.0
343.0 418.0
270.0 -267.0
220.0 8.0
176.0 191.0
456.0 -489.0
342.0 486.0
-28.0 -220.0
-383.0 -46.0
276.0 -94.0
-422.0 -459.0
203.0 -185.0
152.0 -268.0
-374.0 234.0
-176.0 -325.0
-169.0 -437.0
-431.0 -187.0
182.0 -115.0
19.0 -405.0
333.0 42.0
-130.0 155.0
-302.0 -364.0
7.0 -33.0
-406.0 354.0
163.0 371.0
146.0 341.0
-158.0 52.0
389.0 442.0
-56.0 207.0
-105.0 -332.0
26.0 -193.0
424.0 225.0
235.0 -411.0
212.0 404.0
380.0 482.0
325.0 -442.0
239.0 373.0
12.0 291.0
90.0 -241.0
-205.0 -481.0
-239.0 153.0
399.0 316.0
310.0 -230.0
-118.0 434.0
-252.0 451.0
-264.0 -289.0
468.0 -337.0
219.0 -293.0
447.0 29.0
-180.0 -346.0
76.0 106.0
11.0 -179.0
-53.0 430.0
-481.0 460.0
258.0 13.0
244.0 165.0
-427.0 -281.0
-45.0 -320.0
-483.0 371.0
-421.0 -405.0
173.0 417.0
106.0 -80.0
379.0 -40.0
-493.0 -426.0
427.0 393.0
470.0 489.0
254.0 175.0
-224.0 -222.0
-487.0 402.0
-153.0 -482.0
-282.0 -159.0
-242.0 467.0
-101.0 -360.0
-17.0 377.0
452.0 -472.0
-99.0 181.0
-113.0 -285.0
418.0 42.0
-459.0 355.0
355.0 61.0
458.0 -112.0
390.0 -328.0
-474.0 -85.0
-133.0 -484.0
232.0 409.0
99.0 -165.0
363.0 211.0
73.0 -197.0
340.0 -180.0
-71.0 202.0
-84.0 62.0
239.0 341.0
136.0 191.0
-102.0 -35.0
-282.0 119.0
-241.0 204.0
-14.0 454.0
153.0 462.0
-342.0 -310.0
-254.0 -191.0
-391.0 -215.0
-409.0 493.0
-146.0 49.0
163.0 336.0
422.0 297.0
104.0 232.0
443.0 -264.0
-24.0 335.0
330.0 498.0
-95.0 208.0
-326.0 172.0
-176.0 -273.0
299.0 160.0
-158.0 -178.0
215.0 298.0
238.0 467.0
-80.0 269.0
108.0 -19.0
-58.0 311.0
-108.0 -277.0
371.0 475.0
481.0 -330.0
285.0 190.0
-102.0 -490.0
423.0 -251.0
426.0 -47.0
-473.0 287.0
271.0 -355.0
-290.0 -235.0
-372.0 240.0
-462.0 28.0
-306.0 -371.0
-95.0 415.0
192.0 -323.0
414.0 -24.0
-315.0 -400.0
-141.0 22.0
350.0 60.0
200.0 -469.0
-258.0 -101.0
404.0 351.0
221.0 -449.0
209.0 -13.0
39.0 134.0
-56.0 -22.0
347.0 219.0
-322.0 428.0
136.0 -105.0
-1.0 -468.0
-206.0 -498.0
125.0 288.0
141.0 499.0
-422.0 -385.0
-94.0 -244.0
-396.0 -443.0
172.0 -221.0
-337.0 399.0
-216.0 106.0
195.0 175.0
-173.0 446.0
272.0 447.0
341.0 18.0
438.0 -61.0
-376.0 411.0
195.0 -74.0
59.0 -274.0
373.0 277.0
-63.0 476.0
-178.0 99.0
-74.0 110.0
249.0 297.0
247.0 79.0
-18.0 -40.0
57.0 -102.0
-217.0 341.0
-379.0 457.0
469.0 230.0
-72.0 175.0
-64.0 -165.0
273.0 -351.0
157.0 174.0
-492.0 -179.0
463.0 -212.0
54.0 -64.0
-282.0 320.0
177.0 -347.0
464.0 480.0
-140.0 -130.0
-428.0 232.0
-419.0 -343.0
92.0 139.0
-50.0 475.0
79.0 -109.0
-351.0 65.0
-12.0 -485.0
-36.0 221.0
219.0 433.0
-269.0 -302.0
254.0 365.0
350.0 -215.0
499.0 289.0
-133.0 278.0
-460.0 -61.0
327.0 318.0
483.0 -193.0
-278.0 245.0
-242.0 -170.0
-492.0 -6.0
110.0 -407.0
63.0 144.0
279.0 -354.0
-45.0 -146.0
-44.0 -455.0
170.0 360.0
4.0 207.0
-421.0 -318.0
337.0 329.0
-31.0 339.0
-277.0 172.0
468.0 80.0
-301.0 389.0
-417.0 -415.0
128.0 182.0
-487.0 37.0
140.0 -452.0
337.0 422.0
60.0 253.0
-122.0 18.0
458.0 298.0
108.0 384.0
24.0 -181.0
-292.0 -52.0
-411.0 415.0
-186.0 339.0
-186.0 147.0
-31.0 323.0
-354.0 248.0
-264.0 -442.0
220.0 166.0
-269.0 -211.0
-375.0 -135.0
-440.0 -383.0
-315.0 -441.0
-260.0 314.0
265.0 -264.0
190.0 41.0
99.0 -354.0
179.0 -15.0
158.0 370.0
190.0 406.0
197.0 -327.0
206.0 145.0
326.0 -322.0
-153.0 77.0
-135.0 -414.0
-147.0 136.0
336.0 -324.0
459.0 -58.0
-25.0 220.0
-267.0 -222.0
176.0 361.0
22.0 35.0
-17.0 -20.0
194.0 -6.0
-175.0 454.0
-94.0 -255.0
264.0 -294.0
47.0 158.0
-381.0 481.0
266.0 277.0
-384.0 382.0
236.0 -1.0
-404.0 -14.0
430.0 -472.0
2.0 24.0
-113.0 -328.0
-177.0 -267.0
-270.0 196.0
-448.0 -189.0
343.0 427.0
88.0 -302.0
-401.0 -228.0
-112.0 197.0
-222.0 35.0
-194.0 -367.0
-289.0 250.0
-410.0 161.0
385.0 -56.0
-186.0 -238.0
440.0 -478.0
-233.0 19.0
239.0 -352.0
-96.0 -370.0
296.0 -196.0
476.0 360.0
-413.0 212.0
78.0 -141.0
-422.0 247.0
78.0 462.0
338.0 76.0
-324.0 80.0
-473.0 -115.0
-415.0 291.0
188.0 288.0
367.0 -229.0
-322.0 136.0
162.0 83.0
-458.0 -19.0
38.0 -160.0
-432.0 -222.0
-19.0 -35.0
494.0 181.0
-312.0 280.0
490.0 -113.0
-16.0 427.0
-34.0 -464.0
-409.0 -189.0
312.0 266.0
-497.0 -342.0
333.0 -256.0
-133.0 -42.0
-462.0 -433.0
210.0 -134.0
-288.0 154.0
266.0 162.0
-198.0 50.0
-252.0 307.0
277.0 363.0
-473.0 72.0
377.0 -124.0
311.0 115.0
-145.0 -398.0
-293.0 -163.0
-402.0 -287.0
-459.0 -13.0
-163.0 -144.0
446.0 342.0
368.0 387.0
450.0 55.0
-327.0 394.0
-491.0 -157.0
-86.0 -429.0
-477.0 49.0
-440.0 -140.0
336.0 -130.0
-29.0 128.0
92.0 382.0
-368.0 -297.0
355.0 175.0
232.0 427.0
-433.0 -66.0
-70.0 162.0
-249.0 310.0
298.0 23.0
382.0 -297.0
311.0 -357.0
24.0 324.0
85.0 -230.0
358.0 -492.0
-198.0 299.0
89.0 -106.0
42.0 -86.0
-251.0 -301.0
114.0 -286.0
210.0 392.0
378.0 -484.0
-114.0 -375.0
-436.0 368.0
389.0 -284.0
7.0 -356.0
469.0 -328.0
150.0 185.0
-413.0 418.0
-145.0 320.0
-116.0 -333.0
-500.0 -332.0
-491.0 -403.0
140.0 282.0
-330.0 210.0
-257.0 -269.0
-322.0 98.0
-90.0 -209.0
-427.0 402.0
61.0 287.0
-364.0 471.0
-166.0 -302.0
-336.0 -91.0
-489.0 -172.0
-232.0 -350.0
-72.0 -202.0
-89.0 -440.0
-320.0 10.0
408.0 421.0
-456.0 -58.0
276.0 -398.0
45.0 34.0
-237.0 -465.0
-420.0 -376.0
123.0 97.0
-32.0 -306.0
52.0 -360.0
-288.0 -472.0
236.0 -41.0
-333.0 83.0
344.0 291.0
-235.0 -282.0
493.0 297.0
-218.0 -79.0
124.0 -356.0
-9.0 199.0
-145.0 275.0
266.0 306.0
279.0 466.0
-49.0 172.0
235.0 -82.0
227.0 -206.0
131.0 289.0
-310.0 -7.0
-179.0 -465.0
227.0 -459.0
321.0 -31.0
-264.0 -60.0
450.0 342.0
378.0 404.0
-288.0 361.0
275.0 -92.0
-162.0 -104.0
-489.0 391.0
-134.0 -358.0
209.0 156.0
130.0 154.0
-205.0 -367.0
-265.0 -82.0
37.0 -305.0
-302.0 -421.0
-246.0 319.0
-92.0 -432.0
154.0 453.0
-210.0 347.0
-92.0 245.0
-27.0 437.0
-340.0 -123.0
315.0 64.0
244.0 -52.0
361.0 -240.0
381.0 221.0
332.0 -399.0
185.0 -48.0
40.0 -184.0
-351.0 249.0
52.0 -203.0
233.0 -450.0
334.0 -232.0
-146.0 -170.0
485.0 444.0
-356.0 313.0
285.0 281.0
198.0 -206.0
-165.0 -310.0
-42.0 321.0
30.0 331.0
-65.0 458.0
216.0 378.0
-120.0 358.0
225.0 460.0
-408.0 352.0
-163.0 -363.0
-470.0 261.0
-238.0 -74.0
-405.0 283.0
-174.0 -450.0
440.0 274.0
-295.0 340.0
-490.0 -432.0
286.0 -101.0
-131.0 -272.0
485.0 -223.0
-80.0 -228.0
47.0 355.0
278.0 21.0
-234.0 291.0
-236.0 -133.0
-482.0 338.0
-445.0 411.0
158.0 -493.0
287.0 130.0
339.0 -455.0
117.0 341.0
436.0 301.0
-471.0 153.0
-396.0 -167.0
-3.0 -348.0
-350.0 376.0
186.0 -357.0
273.0 -313.0
-129.0 -108.0
382.0 -232.0
311.0 204.0
-461.0 -96.0
491.0 62.0
162.0 342.0
-151.0 44.0
160.0 -228.0
-154.0 -368.0
236.0 -246.0
129.0 367.0
57.0 344.0
-314.0 -231.0
454.0 -407.0
-198.0 396.0
499.0 433.0
-335.0 397.0
-454.0 278.0
-171.0 -433.0
357.0 -400.0
-283.0 -106.0
151.0 261.0
-346.0 -202.0
-432.0 81.0
212.0 -206.0
-350.0 -40.0
-386.0 -327.0
-172.0 -405.0
309.0 -113.0
-259.0 22.0
-44.0 -446.0
-139.0 -473.0
423.0 475.0
451.0 405.0
278.0 284.0
-245.0 -41.0
-33.0 -128.0
-71.0 290.0
414.0 -375.0
-204.0 -335.0
-189.0 -28.0
261.0 344.0
-41.0 -127.0
354.0 -118.0
389.0 65.0
-408.0 192.0
464.0 -350.0
-263.0 -344.0
109.0 -209.0
135.0 220.0
276.0 33.0
499.0 168.0
-462.0 170.0
-318.0 -261.0
-308.0 290.0
249.0 -209.0
-88.0 -449.0
-394.0 -101.0
495.0 -76.0
-328.0 -283.0
224.0 147.0
-239.0 50.0
-269.0 291.0
304.0 -4.0
112.0 260.0
-279.0 308.0
-78.0 300.0
77.0 61.0
-200.0 -55.0
277.0 -489.0
431.0 -486.0
352.0 -160.0
68.0 130.0
244.0 -20.0
-271.0 71.0
43.0 -322.0
-460.0 -212.0
-267.0 -75.0
349.0 112.0
466.0 -175.0
-472.0 -175.0
-232.0 207.0
238.0 -212.0
-194.0 325.0
-156.0 -83.0
-309.0 327.0
425.0 -273.0
443.0 -333.0
-44.0 -411.0
463.0 62.0
-252.0 127.0
-163.0 253.0
-240.0 -29.0
-359.0 -287.0
367.0 267.0
-362.0 27.0
-251.0 131.0
-415.0 -156.0
453.0 -329.0
-218.0 -304.0
-89.0 406.0
491.0 -462.0
-108.0 -4.0
-117.0 -16.0
-346.0 -473.0
-157.0 -111.0
230.0 423.0
212.0 -137.0
222.0 -108.0
334.0 296.0
-299.0 -80.0
-156.0 73.0
-339.0 -256.0
201.0 -477.0
86.0 -138.0
-343.0 171.0
386.0 424.0
377.0 -155.0
72.0 281.0
152.0 409.0
-192.0 -436.0
-179.0 -436.0
-209.0 143.0
-247.0 -39.0
279.0 396.0
-199.0 257.0
163.0 -450.0
411.0 -242.0
-492.0 121.0
-48.0 -68.0
104.0 258.0
-125.0 -437.0
45.0 357.0
-325.0 451.0
310.0 362.0
422.0 -202.0
457.0 180.0
-188.0 321.0
-136.0 -362.0
-435.0 -211.0
415.0 417.0
440.0 -134.0
301.0 71.0
55.0 -141.0
-166.0 137.0
-92.0 -167.0
212.0 31.0
79.0 394.0
-359.0 -109.0
406.0 -185.0
54.0 -335.0
-345.0 -251.0
-122.0 -406.0
-50.0 -91.0
-253.0 -133.0
92.0 -329.0
-121.0 -370.0
391.0 -340.0
-157.0 22.0
420.0 272.0
-168.0 38.0
493.0 139.0
-371.0 117.0
195.0 -425.0
-22.0 339.0
472.0 56.0
407.0 461.0
398.0 261.0
406.0 426.0
425.0 156.0
232.0 -198.0
56.0 380.0
319.0 224.0
312.0 -304.0
469.0 -475.0
165.0 386.0
-71.0 -34.0
-168.0 -392.0
268.0 350.0
-44.0 185.0
90.0 154.0
-308.0 -29.0
-122.0 314.0
-8.0 -33.0
-356.0 -202.0
-105.0 -353.0
36.0 -10.0
-478.0 -474.0
345.0 -185.0
-253.0 217.0
-77.0 376.0
-395.0 21.0
226.0 -343.0
58.0 -118.0
312.0 53.0
411.0 -386.0
82.0 -133.0
-42.0 250.0
-392.0 -41.0
-300.0 -179.0
-166.0 276.0
-246.0 -149.0
-362.0 298.0
-306.0 383.0
143.0 -297.0
-116.0 489.0
370.0 -467.0
-479.0 -170.0
464.0 187.0
-373.0 -320.0
268.0 -431.0
352.0 311.0
467.0 454.0
452.0 -2.0
36.0 129.0
306.0 -434.0
-461.0 -122.0
107.0 130.0
-222.0 -130.0
-453.0 -40.0
376.0 215.0
-173.0 -47.0
408.0 -442.0
257.0 -198.0
-125.0 448.0
152.0 284.0
60.0 -244.0
381.0 226.0
274.0 -434.0
177.0 45.0
282.0 376.0
73.0 -481.0
-146.0 -311.0
19.0 462.0
216.0 325.0
-156.0 301.0
-69.0 -403.0
-480.0 -257.0
345.0 73.0
-250.0 -143.0
-203.0 431.0
456.0 -251.0
-26.0 -195.0
-311.0 -452.0
351.0 -298.0
-263.0 147.0
230.0 -461.0
-293.0 379.0
196.0 -96.0
-161.0 -298.0
122.0 154.0
336.0 -100.0
127.0 270.0
283.0 254.0
-172.0 -64.0
-370.0 -339.0
-190.0 -290.0
111.0 -21.0
-242.0 -29.0
422.0 173.0
323.0 208.0
73.0 -67.0
45.0 466.0
79.0 248.0
489.0 290.0
-166.0 65.0
-344.0 265.0
-126.0 -177.0
51.0 -160.0
260.0 74.0
314.0 152.0
286.0 54.0
464.0 61.0
415.0 26.0
446.0 -123.0
306.0 -183.0
-172.0 -226.0
96.0 -306.0
-238.0 -207.0
348.0 195.0
153.0 -84.0
-448.0 112.0
-347.0 -418.0
465.0 -245.0
-135.0 -58.0
-256.0 452.0
-42.0 427.0
351.0 -177.0
458.0 -383.0
377.0 222.0
437.0 -160.0
-176.0 -403.0
-132.0 -185.0
403.0 -341.0
-399.0 450.0
-462.0 -288.0
-126.0 -114.0
-339.0 -323.0
-260.0 -68.0
455.0 -351.0
214.0 244.0
259.0 -197.0
146.0 452.0
344.0 -429.0
-362.0 -161.0
-45.0 -71.0
-164.0 -110.0
-144.0 -435.0
18.0 -391.0
177.0 416.0
388.0 -49.0
-138.0 -254.0
476.0 -2.0
45.0 -168.0
-97.0 79.0
-121.0 31.0
-223.0 -463.0
335.0 -231.0
282.0 -22.0
-170.0 -368.0
-500.0 -436.0
486.0 412.0
231.0 -181.0
-112.0 212.0
134.0 -427.0
240.0 -489.0
426.0 79.0
-334.0 299.0
314.0 369.0
218.0 384.0
-84.0 249.0
97.0 -93.0
-360.0 -476.0
-72.0 -316.0
-368.0 -447.0
-34.0 75.0
-55.0 265.0
111.0 -430.0
-353.0 43.0
105.0 241.0
151.0 -80.0
39.0 -425.0
-324.0 302.0
-451.0 -403.0
100.0 273.0
265.0 -337.0
-390.0 -234.0
165.0 -172.0
-252.0 -464.0
494.0 -310.0
316.0 -113.0
-267.0 -263.0
424.0 289.0
-369.0 -385.0
-377.0 -254.0
-142.0 249.0
137.0 -259.0
64.0 102.0
-425.0 125.0
133.0 339.0
260.0 -191.0
21.0 -149.0
115.0 -41.0
35.0 -418.0
-174.0 146.0
84.0 -318.0
-224.0 -186.0
263.0 -272.0
-233.0 4.0
-352.0 -287.0
132.0 -289.0
-91.0 410.0
-246.0 -127.0
123.0 -158.0
287.0 -277.0
116.0 225.0
103.0 -131.0
-321.0 149.0
-70.0 15.0
464.0 -90.0
-162.0 316.0
155.0 425.0
325.0 -24.0
-412.0 -26.0
233.0 182.0
124.0 -55.0
422.0 226.0
160.0 349.0
-443.0 473.0
-342.0 31.0
-120.0 217.0
-436.0 -160.0
-442.0 -416.0
381.0 -7.0
-473.0 -156.0
-84.0 98.0
-289.0 -166.0
462.0 -257.0
-316.0 -77.0
-34.0 -45.0
307.0 161.0
-6.0 270.0
-227.0 178.0
-229.0 159.0
33.0 -311.0
-423.0 -336.0
-1.0 -75.0
-178.0 162.0
129.0 -352.0
-162.0 439.0
-73.0 -317.0
353.0 -161.0
-469.0 91.0
-225.0 394.0
410.0 -78.0
-455.0 -291.0
243.0 -13.0
-156.0 -133.0
373.0 -138.0
-408.0 -274.0
283.0 373.0
258.0 458.0
-84.0 -23.0
-113.0 -161.0
189.0 293.0
-276.0 20.0
16.0 -176.0
168.0 -254.0
-296.0 -21.0
-343.0 -270.0
468.0 191.0
-402.0 206.0
-252.0 -25.0
478.0 162.0
178.0 203.0
-370.0 169.0
-59.0 -289.0
283.0 275.0
-42.0 458.0
137.0 381.0
112.0 183.0
-75.0 -184.0
108.0 -300.0
-313.0 -198.0
102.0 -366.0
214.0 461.0
-101.0 -439.0
-35.0 87.0
-168.0 405.0
240.0 -18.0
258.0 -366.0
479.0 106.0
-472.0 154.0
-18.0 404.0
13.0 404.0
181.0 307.0
476.0 353.0
407.0 -135.0
33.0 -26.0
98.0 -295.0
317.0 243.0
-490.0 65.0
189.0 -229.0
183.0 113.0
14.0 481.0
328.0 382.0
-465.0 -472.0
-271.0 -431.0
412.0 449.0
-240.0 217.0
-159.0 94.0
-339.0 405.0
-472.0 337.0
-17.0 -495.0
-202.0 204.0
331.0 359.0
-420.0 136.0
-430.0 -79.0
159.0 484.0
387.0 105.0
21.0 194.0
-103.0 -75.0
-354.0 -123.0
-198.0 -73.0
-302.0 -311.0
128.0 -146.0
332.0 -369.0
-132.0 -82.0
-180.0 -306.0
389.0 90.0
-21.0 -176.0
-481.0 -63.0
-238.0 284.0
-144.0 44.0
194.0 -421.0
145.0 -264.0
-110.0 -413.0
18.0 -477.0
-358.0 53.0
-36.0 194.0
349.0 457.0
-460.0 -264.0
-427.0 52.0
-213.0 -55.0
-332.0 -223.0
136.0 37.0
4.0 -416.0
457.0 -34.0
266.0 -202.0
357.0 -217.0
48.0 259.0
-261.0 -273.0
165.0 -411.0
335.0 -8.0
202.0 119.0
-484.0 -207.0
216.0 -171.0
-434.0 143.0
-341.0 467.0
484.0 111.0
-393.0 270.0
370.0 406.0
414.0 -42.0
-304.0 -381.0
280.0 -66.0
40.0 -37.0
-184.0 -366.0
62.0 -180.0
-498.0 -385.0
365.0 188.0
34.0 -161.0
133.0 254.0
405.0 -378.0
-291.0 -364.0
-125.0 221.0
-195.0 285.0
259.0 -106.0
193.0 -278.0
-181.0 218.0
-362.0 -429.0
-25.0 -441.0
-103.0 429.0
190.0 377.0
41.0 -356.0
-341.0 -144.0
-36.0 -48.0
118.0 483.0
65.0 -416.0
152.0 -352.0
-85.0 205.0
287.0 -213.0
396.0 -445.0
466.0 229.0
-166.0 -251.0
-294.0 450.0
-103.0 283.0
251.0 286.0
-186.0 86.0
-45.0 -253.0
448.0 -2.0
-59.0 33.0
313.0 320.0
-432.0 -77.0
-93.0 387.0
-105.0 -252.0
434.0 406.0
-141.0 -34.0
332.0 -259.0
-434.0 56.0
181.0 146.0
327.0 70.0
416.0 -218.0
301.0 -487.0
326.0 131.0
429.0 -122.0
102.0 -87.0
-30.0 375.0
480.0 -99.0
-299.0 69.0
-317.0 354.0
-197.0 462.0
117.0 -377.0
-113.0 -251.0
-9.0 -50.0
-119.0 -311.0
-307.0 241.0
-172.0 148.0
-482.0 23.0
384.0 324.0
-168.0 -425.0
180.0 465.0
-59.0 -60.0
121.0 -468.0
245.0 166.0
430.0 393.0
272.0 307.0
361.0 -468.0
-70.0 64.0
-265.0 -247.0
411.0 471.0
310.0 483.0
-419.0 -289.0
-200.0 476.0
390.0 228.0
166.0 236.0
-461.0 -432.0
-284.0 -154.0
342.0 -20.0
-244.0 215.0
-480.0 425.0
318.0 158.0
238.0 -275.0
-226.0 -442.0
199.0 -143.0
121.0 321.0
154.0 -378.0
-254.0 169.0
-486.0 107.0
500.0 -79.0
-438.0 214.0
-97.0 -8.0
481.0 -404.0
44.0 27.0
158.0 18.0
-415.0 -300.0
397.0 -98.0
134.0 -110.0
-399.0 -32.0
-198.0 -28.0
270.0 -219.0
-315.0 187.0
-69.0 159.0
-51.0 -453.0
-266.0 141.0
-165.0 438.0
113.0 471.0
438.0 487.0
-26.0 398.0
-367.0 111.0
351.0 -443.0
357.0 267.0
-306.0 303.0
80.0 -44.0
168.0 -200.0
147.0 474.0
-142.0 -345.0
-234.0 303.0
319.0 135.0
-86.0 2.0
273.0 -72.0
478.0 309.0
368.0 -429.0
185.0 392.0
328.0 -271.0
-498.0 -326.0
-321.0 240.0
136.0 390.0
-204.0 -161.0
-186.0 -288.0
-53.0 378.0
338.0 143.0
386.0 -113.0
-227.0 -142.0
-211.0 -343.0
398.0 374.0
306.0 135.0
-444.0 453.0
458.0 -117.0
393.0 407.0
475.0 191.0
-287.0 -187.0
-498.0 91.0
-298.0 424.0
-369.0 -134.0
34.0 -50.0
-51.0 410.0
497.0 306.0
-452.0 -90.0
205.0 -285.0
481.0 -31.0
359.0 237.0
2.0 -468.0
-261.0 -287.0
318.0 -407.0
-245.0 67.0
496.0 264.0
223.0 -206.0
402.0 421.0
-240.0 193.0
-361.0 -221.0
498.0 -473.0
-311.0 -392.0
-174.0 -419.0
110.0 -344.0
399.0 -92.0
495.0 -494.0
-30.0 168.0
108.0 215.0
445.0 319.0
-384.0 -291.0
-443.0 321.0
140.0 -249.0
101.0 489.0
-348.0 -371.0
38.0 -387.0
-453.0 339.0
280.0 104.0
25.0 496.0
278.0 -2.0
290.0 -169.0
296.0 359.0
-418.0 290.0
-443.0 -360.0
-343.0 427.0
485.0 414.0
428.0 -249.0
-237.0 297.0
93.0 168.0
467.0 460.0
66.0 172.0
269.0 404.0
153.0 202.0
-376.0 120.0
-73.0 -106.0
61.0 -449.0
-284.0 170.0
-424.0 -184.0
450.0 -399.0
-44.0 -70.0
-264.0 224.0
427.0 380.0
6.0 -439.0
-495.0 -194.0
-224.0 -79.0
-298.0 180.0
-371.0 197.0
-360.0 -93.0
-312.0 53.0
25.0 343.0
113.0 -228.0
72.0 -166.0
-388.0 -438.0
17.0 64.0
358.0 -133.0
300.0 253.0
-104.0 -44.0
-199.0 -220.0
375.0 -89.0
-448.0 -138.0
-197.0 100.0
324.0 63.0
1.0 350.0
-3.0 415.0
-325.0 227.0
156.0 -229.0
-288.0 -248.0
279.0 -361.0
-267.0 -49.0
-180.0 -159.0
236.0 -145.0
84.0 144.0
145.0 -357.0
350.0 324.0
-133.0 429.0
395.0 485.0
-173.0 377.0
170.0 -305.0
435.0 -340.0
57.0 97.0
259.0 -85.0
-254.0 465.0
-349.0 -342.0
279.0 58.0
1700
4.0 70.0
-193.0 410.0
469.0 -433.0
-321.0 250.0
-483.0 -489.0
-138.0 492.0
117.0 5.0
140.0 122.0
-190.0 -295.0
252.0 -58.0
-304.0 252.0
-173.0 -394.0
109.0 -66.0
-428.0 -170.0
-420.0 342.0
-379.0 300.0
-236.0 -131.0
-4.0 427.0
283.0 401.0
-347.0 -271.0
-238.0 87.0
-336.0 497.0
-382.0 -294.0
-362.0 155.0
233.0 269.0
21.0 342.0
-41.0 -110.0
454.0 155.0
-230.0 -467.0
42.0 -378.0
-350.0 -51.0
375.0 83.0
-123.0 -206.0
-331.0 2.0
-183.0 -447.0
19.0 -449.0
-415.0 -157.0
-398.0 -381.0
11.0 73.0
-89.0 240.0
447.0 164.0
186.0 -149.0
283.0 246.0
451.0 281.0
-92.0 426.0
368.0 -386.0
-456.0 129.0
-88.0 -44.0
-375.0 -99.0
-131.0 -60.0
12.0 -249.0
-411.0 -338.0
386.0 432.0
-256.0 -434.0
-414.0 -312.0
13.0 15.0
-78.0 42.0
15.0 63.0
-310.0 -201.0
72.0 -246.0
399.0 460.0
-313.0 204.0
177.0 286.0
114.0 -431.0
-372.0 -113.0
-119.0 54.0
335.0 275.0
88.0 383.0
-190.0 56.0
-330.0 -244.0
60.0 -72.0
-368.0 -154.0
-213.0 472.0
340.0 79.0
488.0 358.0
-471.0 55.0
-93.0 67.0
53.0 -487.0
306.0 -173.0
323.0 -202.0
-9.0 -26.0
246.0 -85.0
-287.0 -317.0
-240.0 -68.0
-350.0 -197.0
473.0 -123.0
-66.0 -289.0
-324.0 -244.0
-409.0 -315.0
-337.0 -489.0
10.0 -383.0
-131.0 -435.0
418.0 -22.0
-455.0 40.0
425.0 135.0
99.0 305.0
22.0 -319.0
274.0 -440.0
13.0 199.0
86.0 489.0
-226.0 -227.0
355.0 -168.0
-417.0 -314.0
392.0 -122.0
-402.0 -173.0
336.0 293.0
192.0 59.0
-129.0 -34.0
150.0 238.0
381.0 6.0
459.0 -122.0
-315.0 296.0
399.0 362.0
-432.0 323.0
-165.0 -365.0
202.0 227.0
58.0 231.0
-146.0 248.0
-392.0 -17.0
484.0 103.0
330.0 197.0
-114.0 -395.0
-204.0 19.0
-442.0 -179.0
402.0 -30.0
55.0 -464.0
-311.0 -423.0
246.0 -167.0
-282.0 -258.0
-403.0 273.0
467.0 15.0
50.0 -104.0
219.0 330.0
17.0 -113.0
-308.0 -412.0
232.0 -203.0
194.0 -84.0
219.0 134.0
-138.0 158.0
105.0 447.0
329.0 -142.0
-109.0 -276.0
176.0 266.0
151.0 -180.0
-47.0 243.0
-195.0 -426.0
-469.0 155.0
297.0 -115.0
-418.0 374.0
369.0 175.0
-80.0 286.0
244.0 -466.0
-400.0 172.0
-207.0 -354.0
-231.0 -134.0
366.0 364.0
229.0 -17.0
-454.0 365.0
-489.0 151.0
-315.0 -322.0
-20.0 -263.0
88.0 -320.0
-334.0 -391.0
-377.0 153.0
364.0 282.0
-371.0 178.0
-95.0 273.0
-467.0 343.0
8.0 99.0
213.0 -100.0
-420.0 -214.0
-370.0 129.0
106.0 456.0
-423.0 285.0
242.0 5.0
-153.0 396.0
-76.0 55.0
327.0 -324.0
12.0 50.0
76.0 -197.0
-61.0 193.0
293.0 -345.0
143.0 157.0
327.0 101.0
431.0 112.0
326.0 -498.0
121.0 249.0
-444.0 320.0
-437.0 453.0
-8.0 -110.0
371.0 31.0
123.0 452.0
395.0 18.0
-470.0 -371.0
-76.0 -68.0
33.0 -272.0
416.0 141.0
-422.0 -293.0
400.0 -2.0
-116.0 -167.0
170.0 -369.0
-78.0 283.0
-349.0 207.0
469.0 346.0
260.0 243.0
454.0 325.0
203.0 -368.0
373.0 323.0
339.0 107.0
-197.0 159.0
-49.0 216.0
377.0 -306.0
375.0 353.0
475.0 48.0
-234.0 49.0
85.0 471.0
-63.0 398.0
-37.0 -381.0
424.0 -481.0
372.0 -451.0
425.0 319.0
-44.0 -221.0
-452.0 385.0
265.0 50.0
118.0 -111.0
478.0 454.0
397.0 68.0
-319.0 -192.0
-214.0 451.0
-438.0 309.0
160.0 -23.0
187.0 -111.0
467.0 137.0
-198.0 -323.0
-430.0 26.0
-94.0 358.0
108.0 428.0
233.0 246.0
57.0 374.0
-293.0 262.0
-306.0 499.0
409.0 -489.0
173.0 -61.0
-81.0 -86.0
-102.0 19.0
14.0 323.0
90.0 465.0
450.0 -137.0
221.0 240.0
188.0 -416.0
-238.0 -277.0
-329.0 -245.0
-244.0 -493.0
-235.0 -294.0
144.0 68.0
204.0 330.0
227.0 -149.0
-320.0 308.0
155.0 475.0
475.0 -451.0
-395.0 -257.0
230.0 -264.0
-312.0 -219.0
-348.0 350.0
-420.0 258.0
-434.0 482.0
23.0 408.0
-370.0 -290.0
211.0 -417.0
39.0 441.0
482.0 -24.0
-114.0 182.0
450.0 -153.0
193.0 371.0
-245.0 97.0
-53.0 70.0
48.0 298.0
-86.0 383.0
-362.0 28.0
254.0 45.0
-236.0 -302.0
68.0 -343.0
481.0 6.0
-221.0 471.0
-150.0 221.0
-119.0 220.0
-398.0 219.0
-32.0 -29.0
130.0 319.0
-224.0 -38.0
241.0 -49.0
370.0 -166.0
-386.0 -378.0
-120.0 -74.0
442.0 -168.0
354.0 487.0
-368.0 356.0
497.0 -227.0
72.0 -209.0
40.0 -394.0
3.0 321.0
471.0 401.0
156.0 344.0
-352.0 329.0
189.0 226.0
-232.0 202.0
-90.0 157.0
-313.0 143.0
-191.0 431.0
-324.0 153.0
150.0 390.0
-366.0 401.0
-133.0 287.0
-456.0 241.0
291.0 -326.0
-177.0 -483.0
-174.0 -319.0
-310.0 -395.0
-17.0 -279.0
-413.0 -43.0
-262.0 28.0
-224.0 308.0
418.0 414.0
-64.0 -10.0
302.0 -439.0
-289.0 367.0
-148.0 -415.0
485.0 360.0
99.0 191.0
238.0 159.0
-85.0 234.0
-54.0 -208.0
44.0 -154.0
-221.0 -466.0
415.0 -480.0
-56.0 -214.0
-199.0 191.0
306.0 229.0
-174.0 -191.0
-215.0 -220.0
495.0 369.0
149.0 -136.0
253.0 -206.0
56.0 -440.0
169.0 485.0
484.0 101.0
298.0 33.0
-193.0 -223.0
474.0 -381.0
-82.0 -87.0
-167.0 -119.0
-175.0 -488.0
283.0 315.0
343.0 -104.0
-453.0 161.0
89.0 481.0
337.0 -227.0
422.0 -145.0
75.0 135.0
407.0 -372.0
56.0 -439.0
118.0 456.0
-180.0 -320.0
21.0 -449.0
-220.0 -192.0
-52.0 -435.0
47.0 -1.0
487.0 -399.0
88.0 -140.0
393.0 324.0
-78.0 -407.0
-73.0 424.0
198.0 -242.0
-269.0 474.0
2.0 -263.0
-313.0 263.0
116.0 23.0
-175.0 316.0
-110.0 2.0
-285.0 6.0
-484.0 126.0
413.0 -237.0
-279.0 266.0
378.0 -51.0
-293.0 -175.0
-248.0 -415.0
79.0 -341.0
69.0 336.0
-290.0 25.0
-274.0 -283.0
-347.0 -259.0
324.0 335.0
-19.0 -487.0
-26.0 488.0
68.0 -469.0
449.0 -398.0
-82.0 200.0
-373.0 89.0
-348.0 467.0
-346.0 -311.0
146.0 -481.0
-100.0 -454.0
-424.0 69.0
421.0 -53.0
-338.0 -225.0
388.0 253.0
2.0 -195.0
412.0 -239.0
106.0 297.0
-449.0 -440.0
-466.0 361.0
-476.0 -26.0
-396.0 407.0
-236.0 -402.0
50.0 189.0
-402.0 -199.0
55.0 156.0
395.0 -98.0
-287.0 115.0
-352.0 63.0
-436.0 -344.0
424.0 -436.0
-202.0 -319.0
424.0 281.0
-185.0 -495.0
-97.0 351.0
282.0 375.0
-256.0 369.0
-176.0 -69.0
294.0 -219.0
243.0 21.0
282.0 213.0
206.0 -412.0
110.0 465.0
455.0 175.0
-23.0 25.0
-261.0 286.0
220.0 -291.0
-224.0 -274.0
-456.0 246.0
-26.0 -404.0
-49.0 352.0
92.0 253.0
-67.0 -497.0
168.0 498.0
381.0 439.0
295.0 -93.0
-489.0 66.0
-366.0 -128.0
394.0 -133.0
-330.0 312.0
139.0 401.0
258.0 -40.0
-40.0 209.0
-40.0 475.0
338.0 344.0
339.0 -310.0
129.0 -285.0
-14.0 -182.0
428.0 -358.0
-364.0 205.0
-100.0 493.0
-349.0 445.0
212.0 259.0
162.0 -267.0
-399.0 127.0
-280.0 -402.0
430.0 -1.0
-220.0 473.0
388.0 -251.0
433.0 118.0
477.0 406.0
142.0 -23.0
-401.0 -113.0
-327.0 246.0
192.0 -63.0
-396.0 -281.0
285.0 28.0
-7.0 -118.0
-114.0 -115.0
340.0 106.0
-405.0 -223.0
-75.0 -251.0
-403.0 410.0
-435.0 -368.0
-312.0 164.0
483.0 -38.0
-405.0 -333.0
233.0 133.0
68.0 -17.0
406.0 289.0
-279.0 -410.0
48.0 -162.0
-112.0 339.0
-45.0 -194.0
-403.0 -205.0
309.0 -65.0
-93.0 -404.0
-97.0 -9.0
-306.0 -87.0
19.0 393.0
-170.0 443.0
-115.0 -220.0
-51.0 -362.0
414.0 103.0
-417.0 -420.0
153.0 497.0
-232.0 85.0
-309.0 482.0
-464.0 -448.0
187.0 104.0
238.0 451.0
8.0 143.0
-63.0 -454.0
178.0 158.0
-324.0 466.0
-193.0 480.0
-377.0 -179.0
-279.0 -322.0
299.0 -356.0
-354.0 -212.0
-236.0 38.0
226.0 301.0
-230.0 83.0
79.0 -380.0
362.0 413.0
-443.0 175.0
162.0 -402.0
-64.0 336.0
187.0 -359.0
-487.0 -107.0
-300.0 84.0
48.0 139.0
-62.0 -414.0
75.0 -98.0
-426.0 -261.0
296.0 18.0
104.0 89.0
-322.0 139.0
250.0 286.0
154.0 289.0
179.0 -434.0
-175.0 499.0
189.0 71.0
320.0 -262.0
199.0 28.0
-298.0 -65.0
269.0 413.0
45.0 -448.0
-240.0 1.0
210.0 -64.0
-333.0 -202.0
431.0 451.0
-280.0 -218.0
-321.0 -471.0
302.0 -201.0
-444.0 31.0
25.0 178.0
334.0 104.0
226.0 -306.0
-30.0 -296.0
-310.0 -115.0
-451.0 -252.0
-275.0 -137.0
-172.0 205.0
479.0 -45.0
-127.0 -109.0
-95.0 -167.0
-263.0 95.0
-343.0 -452.0
34.0 224.0
178.0 -365.0
-62.0 284.0
-420.0 351.0
492.0 20.0
278.0 -293.0
100.0 -172.0
-146.0 12.0
384.0 399.0
-194.0 256.0
28.0 433.0
188.0 -167.0
290.0 45.0
141.0 -122.0
3.0 330.0
12.0 -30.0
-197.0 58.0
-341.0 -114.0
-454.0 144.0
248.0 -242.0
-154.0 -318.0
-436.0 -42.0
494.0 86.0
251.0 475.0
-27.0 74.0
-437.0 -226.0
13.0 -360.0
-469.0 -338.0
348.0 -476.0
326.0 -225.0
-334.0 -22.0
49.0 138.0
-424.0 296.0
439.0 -344.0
258.0 27.0
159.0 215.0
370.0 -413.0
-487.0 -22.0
-409.0 -223.0
-382.0 -101.0
247.0 356.0
223.0 -226.0
72.0 347.0
-463.0 32.0
353.0 459.0
241.0 -411.0
-470.0 286.0
143.0 200.0
238.0 -497.0
-3.0 -210.0
-56.0 -293.0
-130.0 -480.0
178.0 -385.0
-229.0 -469.0
102.0 -161.0
-31.0 -476.0
-18.0 -61.0
340.0 52.0
-485.0 -166.0
-263.0 -307.0
27.0 -99.0
144.0 -199.0
340.0 141.0
459.0 140.0
4.0 186.0
184.0 497.0
235.0 -203.0
161.0 -412.0
-38.0 37.0
-299.0 -358.0
-342.0 -15.0
95.0 -242.0
-229.0 -260.0
-453.0 155.0
370.0 -294.0
-26.0 455.0
-28.0 360.0
-261.0 50.0
71.0 10.0
184.0 407.0
465.0 251.0
-394.0 155.0
101.0 396.0
190.0 -367.0
128.0 494.0
49.0 -180.0
11.0 232.0
-2.0 3.0
75.0 6.0
211.0 -181.0
-454.0 -167.0
439.0 4.0
241.0 -293.0
442.0 98.0
30.0 200.0
-296.0 -434.0
183.0 -412.0
-386.0 333.0
-484.0 365.0
112.0 -66.0
-166.0 227.0
-105.0 53.0
-462.0 -34.0
31.0 -408.0
-381.0 348.0
354.0 382.0
174.0 339.0
204.0 -93.0
-3.0 54.0
482.0 418.0
-10.0 -490.0
258.0 235.0
361.0 430.0
189.0 -188.0
210.0 245.0
-14.0 -167.0
32.0 -364.0
139.0 99.0
-180.0 75.0
-245.0 -376.0
231.0 -421.0
464.0 417.0
376.0 392.0
17.0 -205.0
5.0 -447.0
225.0 293.0
-45.0 94.0
-337.0 -253.0
477.0 -180.0
-500.0 416.0
-323.0 -231.0
-242.0 338.0
-183.0 298.0
479.0 -269.0
-313.0 -95.0
340.0 -489.0
-290.0 327.0
449.0 150.0
-108.0 -25.0
126.0 -226.0
-178.0 -161.0
230.0 -445.0
90.0 132.0
172.0 -310.0
100.0 -118.0
-493.0 -162.0
432.0 -286.0
412.0 428.0
-460.0 -80.0
-25.0 -101.0
398.0 177.0
-385.0 -337.0
-298.0 385.0
179.0 -498.0
107.0 -306.0
365.0 -475.0
-356.0 124.0
-45.0 -235.0
-236.0 110.0
275.0 -273.0
330.0 -116.0
-93.0 -385.0
-126.0 244.0
62.0 -448.0
-163.0 156.0
97.0 323.0
113.0 32.0
-308.0 -175.0
-436.0 -9.0
-355.0 -320.0
-313.0 8.0
-350.0 389.0
-365.0 496.0
-243.0 181.0
-395.0 373.0
-350.0 209.0
-68.0 106.0
433.0 68.0
-299.0 155.0
-39.0 50.0
-183.0 319.0
376.0 -464.0
37.0 -376.0
66.0 -308.0
481.0 51.0
-270.0 172.0
490.0 423.0
-234.0 -71.0
-347.0 -210.0
186.0 -49.0
-171.0 -458.0
265.0 93.0
-463.0 -40.0
437.0 -445.0
262.0 -3.0
284.0 -146.0
-275.0 62.0
97.0 422.0
-197.0 378.0
25.0 -72.0
432.0 -257.0
-485.0 142.0
285.0 13.0
-397.0 -444.0
217.0 -96.0
-272.0 -129.0
-164.0 -449.0
-148.0 -240.0
-312.0 -365.0
28.0 -371.0
408.0 434.0
-250.0 -319.0
376.0 460.0
11.0 193.0
149.0 -294.0
-330.0 -387.0
356.0 -256.0
-56.0 -219.0
272.0 277.0
-239.0 68.0
-488.0 -3.0
21.0 26.0
446.0 500.0
311.0 -227.0
370.0 -88.0
-230.0 109.0
131.0 -430.0
10.0 83.0
152.0 373.0
411.0 185.0
346.0 301.0
-407.0 -466.0
-242.0 374.0
-471.0 183.0
-363.0 417.0
-65.0 -199.0
214.0 -163.0
-167.0 -386.0
454.0 18.0
461.0 398.0
30.0 491.0
-159.0 112.0
-152.0 312.0
308.0 -162.0
122.0 -133.0
-277.0 -498.0
434.0 -341.0
316.0 391.0
-358.0 342.0
24.0 457.0
-312.0 -17.0
-482.0 101.0
406.0 100.0
351.0 -200.0
-389.0 241.0
86.0 423.0
42.0 -334.0
-468.0 -45.0
-402.0 -127.0
426.0 413.0
143.0 13.0
174.0 327.0
19.0 -40.0
373.0 -215.0
-473.0 -457.0
-37.0 76.0
257.0 168.0
341.0 126.0
217.0 59.0
-134.0 393.0
-89.0 -113.0
16.0 -184.0
472.0 -399.0
-137.0 342.0
406.0 -486.0
495.0 -455.0
-389.0 -458.0
161.0 -169.0
227.0 -123.0
-260.0 289.0
400.0 83.0
-241.0 363.0
485.0 293.0
337.0 -339.0
-437.0 494.0
-131.0 -109.0
-110.0 354.0
146.0 -118.0
-399.0 343.0
182.0 -205.0
-484.0 262.0
-26.0 -326.0
98.0 -454.0
-262.0 388.0
-157.0 -417.0
-452.0 -421.0
-17.0 -250.0
388.0 53.0
489.0 -81.0
280.0 -466.0
9.0 -382.0
310.0 474.0
405.0 86.0
-261.0 3.0
-154.0 -14.0
-136.0 231.0
256.0 265.0
-195.0 477.0
-374.0 -364.0
473.0 -110.0
413.0 414.0
-369.0 -392.0
-8.0 -131.0
483.0 56.0
-435.0 326.0
60.0 388.0
-172.0 -200.0
-214.0 298.0
-363.0 -368.0
-447.0 -60.0
314.0 -225.0
168.0 339.0
-258.0 477.0
-325.0 369.0
131.0 392.0
460.0 -155.0
407.0 214.0
297.0 91.0
423.0 -92.0
-352.0 -285.0
-466.0 308.0
-310.0 326.0
-426.0 386.0
229.0 196.0
16.0 121.0
-481.0 87.0
-77.0 -29.0
-391.0 -71.0
359.0 -357.0
-326.0 -149.0
-336.0 -186.0
-353.0 315.0
463.0 -420.0
77.0 -253.0
-431.0 -473.0
395.0 251.0
214.0 270.0
81.0 -69.0
-104.0 -218.0
-481.0 -28.0
-250.0 280.0
-204.0 -333.0
443.0 -207.0
-382.0 -478.0
293.0 -162.0
-199.0 -162.0
-252.0 208.0
32.0 -216.0
384.0 106.0
-189.0 -379.0
-92.0 -342.0
364.0 281.0
-31.0 -252.0
-437.0 -289.0
124.0 -431.0
-382.0 248.0
-284.0 377.0
387.0 -425.0
30.0 -427.0
337.0 309.0
17.0 -226.0
477.0 -167.0
340.0 -286.0
168.0 -286.0
-139.0 -441.0
309.0 -372.0
159.0 440.0
-78.0 472.0
-278.0 -96.0
124.0 133.0
-387.0 -417.0
148.0 -219.0
60.0 317.0
-171.0 -166.0
-212.0 -76.0
-53.0 -337.0
150.0 311.0
-255.0 -369.0
211.0 -58.0
-195.0 259.0
-445.0 206.0
-46.0 395.0
409.0 -230.0
50.0 -393.0
-184.0 453.0
51.0 337.0
161.0 80.0
446.0 -17.0
374.0 411.0
355.0 -478.0
-224.0 407.0
96.0 133.0
376.0 -9.0
69.0 273.0
87.0 13.0
-105.0 -374.0
-232.0 69.0
218.0 -25.0
-81.0 -365.0
-372.0 -297.0
-369.0 217.0
173.0 -437.0
-266.0 -323.0
-239.0 -427.0
-299.0 217.0
-44.0 227.0
-479.0 368.0
44.0 456.0
-406.0 -348.0
-356.0 91.0
176.0 478.0
355.0 198.0
443.0 174.0
458.0 7.0
31.0 -483.0
-287.0 203.0
-254.0 436.0
335.0 -370.0
-294.0 -120.0
66.0 300.0
-407.0 431.0
186.0 -479.0
-183.0 118.0
-122.0 -407.0
286.0 -472.0
-425.0 497.0
-447.0 482.0
447.0 -127.0
-74.0 -449.0
-188.0 -135.0
316.0 -78.0
-281.0 -296.0
39.0 -230.0
-413.0 -128.0
240.0 495.0
-497.0 204.0
-217.0 -57.0
-39.0 390.0
-62.0 -390.0
48.0 439.0
285.0 181.0
317.0 334.0
85.0 -256.0
206.0 -453.0
-430.0 55.0
-232.0 -210.0
488.0 -11.0
-303.0 414.0
-220.0 341.0
-328.0 -64.0
245.0 -253.0
-153.0 200.0
25.0 -245.0
142.0 -283.0
181.0 56.0
-165.0 -227.0
-224.0 450.0
301.0 -113.0
500.0 -85.0
-380.0 -141.0
190.0 376.0
291.0 128.0
154.0 -57.0
-394.0 453.0
-240.0 273.0
-460.0 288.0
341.0 -187.0
77.0 118.0
-451.0 -376.0
-475.0 -8.0
-50.0 291.0
383.0 -188.0
267.0 389.0
261.0 315.0
-352.0 -263.0
-322.0 -352.0
129.0 175.0
-243.0 -32.0
135.0 368.0
-268.0 84.0
231.0 499.0
424.0 -275.0
-339.0 248.0
-75.0 -50.0
-198.0 -333.0
-52.0 266.0
115.0 -482.0
50.0 -229.0
-186.0 222.0
30.0 -340.0
146.0 47.0
-418.0 318.0
295.0 178.0
-309.0 -376.0
40.0 248.0
112.0 -173.0
373.0 -500.0
60.0 233.0
-423.0 -408.0
-108.0 -461.0
-421.0 -457.0
201.0 -262.0
-82.0 -31.0
322.0 -41.0
217.0 -398.0
-430.0 131.0
-206.0 328.0
131.0 390.0
67.0 -250.0
9.0 -418.0
197.0 -260.0
-172.0 -367.0
-440.0 468.0
-156.0 415.0
-172.0 295.0
459.0 247.0
500.0 461.0
405.0 415.0
158.0 -287.0
396.0 197.0
31.0 456.0
-160.0 -174.0
452.0 30.0
358.0 -125.0
24.0 -286.0
-147.0 -256.0
141.0 -196.0
360.0 -163.0
-435.0 203.0
76.0 264.0
-441.0 -255.0
-486.0 -78.0
398.0 188.0
-321.0 51.0
-88.0 316.0
145.0 -196.0
-45.0 35.0
-448.0 -465.0
304.0 -158.0
-72.0 -417.0
-190.0 164.0
-125.0 127.0
19.0 255.0
201.0 61.0
-81.0 159.0
117.0 453.0
-417.0 174.0
-41.0 270.0
-468.0 -210.0
18.0 173.0
-161.0 -108.0
379.0 365.0
-11.0 -218.0
337.0 459.0
-220.0 -497.0
-333.0 167.0
-410.0 388.0
-225.0 -171.0
500.0 279.0
121.0 -358.0
-44.0 296.0
248.0 40.0
-185.0 -283.0
-237.0 276.0
-223.0 119.0
338.0 359.0
59.0 29.0
385.0 -484.0
32.0 -53.0
305.0 -462.0
74.0 -387.0
31.0 295.0
-278.0 209.0
-248.0 342.0
423.0 249.0
236.0 -488.0
90.0 -485.0
-418.0 -159.0
-223.0 265.0
-372.0 464.0
-467.0 -261.0
148.0 172.0
-161.0 -407.0
443.0 -168.0
-180.0 92.0
283.0 442.0
179.0 267.0
4.0 38.0
-13.0 487.0
-191.0 -76.0
17.0 414.0
-304.0 263.0
22.0 -297.0
490.0 -10.0
470.0 3.0
156.0 2.0
143.0 -173.0
-480.0 -143.0
-450.0 -466.0
79.0 -319.0
269.0 -322.0
-448.0 151.0
-142.0 -245.0
108.0 111.0
295.0 -96.0
100.0 -324.0
99.0 338.0
-37.0 327.0
137.0 79.0
-426.0 469.0
21.0 6.0
-158.0 -346.0
496.0 -214.0
334.0 -222.0
-204.0 421.0
161.0 177.0
-15.0 216.0
-400.0 164.0
484.0 -216.0
-267.0 -392.0
-128.0 -283.0
418.0 -75.0
-497.0 -391.0
204.0 -56.0
-451.0 500.0
-124.0 -74.0
436.0 497.0
77.0 -324.0
383.0 420.0
401.0 -385.0
-127.0 355.0
-484.0 42.0
387.0 489.0
69.0 63.0
402.0 -432.0
-427.0 -271.0
-315.0 388.0
142.0 -333.0
209.0 -144.0
274.0 -180.0
-188.0 -282.0
82.0 420.0
426.0 -89.0
226.0 -309.0
29.0 424.0
-471.0 -234.0
-463.0 334.0
75.0 -166.0
-481.0 314.0
-161.0 341.0
172.0 -81.0
129.0 -151.0
87.0 -225.0
-448.0 -85.0
-225.0 -177.0
-413.0 488.0
-377.0 -16.0
73.0 297.0
-256.0 58.0
-256.0 -107.0
-290.0 421.0
-455.0 56.0
386.0 451.0
56.0 -344.0
-158.0 -193.0
372.0 76.0
-455.0 77.0
-470.0 181.0
-290.0 147.0
322.0 120.0
218.0 198.0
-346.0 443.0
266.0 388.0
-361.0 -155.0
416.0 -406.0
449.0 -413.0
-315.0 -350.0
390.0 326.0
-351.0 125.0
-489.0 334.0
-438.0 -462.0
383.0 -298.0
6.0 -460.0
-315.0 430.0
-455.0 241.0
79.0 210.0
-262.0 343.0
287.0 266.0
-366.0 -220.0
-164.0 -486.0
-34.0 240.0
-370.0 -51.0
-457.0 295.0
-53.0 -266.0
149.0 -101.0
-220.0 344.0
-72.0 446.0
440.0 353.0
-376.0 -198.0
-450.0 -7.0
-164.0 -51.0
-488.0 152.0
365.0 26.0
117.0 -149.0
391.0 -116.0
-139.0 -320.0
81.0 405.0
-186.0 -193.0
102.0 311.0
-1.0 -498.0
117.0 403.0
-470.0 186.0
-52.0 -98.0
-38.0 -322.0
87.0 -241.0
442.0 253.0
-7.0 458.0
17.0 460.0
326.0 -255.0
261.0 214.0
16.0 -134.0
-7.0 -318.0
-479.0 -274.0
-240.0 98.0
-56.0 134.0
110.0 -86.0
327.0 -257.0
72.0 -488.0
-365.0 -221.0
-455.0 -157.0
387.0 -93.0
332.0 130.0
-308.0 -112.0
-228.0 -128.0
440.0 -382.0
95.0 -401.0
452.0 -454.0
437.0 326.0
-52.0 483.0
-348.0 200.0
494.0 9.0
-214.0 169.0
-183.0 -295.0
-296.0 -39.0
-457.0 8.0
291.0 35.0
-321.0 82.0
-191.0 29.0
-460.0 -295.0
-241.0 251.0
127.0 -271.0
220.0 152.0
462.0 244.0
-278.0 260.0
185.0 221.0
54.0 -422.0
110.0 -186.0
110.0 -129.0
337.0 -147.0
274.0 430.0
-67.0 -357.0
95.0 -157.0
435.0 -417.0
-34.0 196.0
315.0 -39.0
-383.0 -201.0
-37.0 -198.0
-312.0 24.0
-341.0 392.0
271.0 422.0
464.0 219.0
85.0 69.0
299.0 -100.0
6.0 -182.0
176.0 436.0
-437.0 100.0
-180.0 -177.0
478.0 -455.0
224.0 316.0
332.0 -349.0
314.0 72.0
324.0 -429.0
450.0 256.0
-146.0 -372.0
-215.0 130.0
136.0 481.0
-206.0 -60.0
-492.0 116.0
45.0 278.0
-328.0 142.0
178.0 -421.0
229.0 335.0
120.0 354.0
-9.0 385.0
410.0 308.0
-179.0 244.0
-130.0 -263.0
-30.0 -62.0
-78.0 56.0
329.0 -232.0
-229.0 -168.0
-162.0 -192.0
462.0 -337.0
486.0 183.0
-409.0 -450.0
450.0 -279.0
31.0 -138.0
222.0 -62.0
-321.0 -45.0
463.0 -392.0
305.0 315.0
141.0 -189.0
492.0 264.0
67.0 -246.0
395.0 166.0
115.0 -410.0
-224.0 -47.0
-234.0 86.0
-397.0 316.0
253.0 136.0
-281.0 -326.0
-215.0 -377.0
497.0 400.0
-420.0 462.0
-414.0 135.0
197.0 -314.0
-280.0 425.0
262.0 85.0
-259.0 -292.0
294.0 -134.0
335.0 -271.0
58.0 495.0
65.0 330.0
-250.0 426.0
294.0 -242.0
491.0 351.0
485.0 164.0
123.0 351.0
285.0 -4.0
149.0 44.0
441.0 -243.0
-296.0 305.0
8.0 -354.0
499.0 180.0
-238.0 -65.0
-310.0 -385.0
-271.0 -434.0
124.0 -234.0
-300.0 -426.0
-348.0 421.0
-377.0 111.0
202.0 204.0
-429.0 266.0
35.0 -464.0
-443.0 -21.0
180.0 -390.0
451.0 -81.0
267.0 -394.0
343.0 280.0
267.0 322.0
375.0 499.0
166.0 94.0
398.0 350.0
-237.0 -438.0
-11.0 142.0
451.0 476.0
253.0 -363.0
-329.0 107.0
-77.0 -289.0
-307.0 -144.0
72.0 -124.0
377.0 302.0
-415.0 15.0
72.0 -109.0
-139.0 -370.0
32.0 -248.0
-442.0 42.0
187.0 467.0
-12.0 467.0
46.0 -250.0
-200.0 -104.0
-78.0 -332.0
-440.0 -142.0
-152.0 -334.0
-482.0 219.0
94.0 387.0
304.0 5.0
170.0 406.0
-189.0 232.0
254.0 -219.0
-37.0 -499.0
-47.0 -99.0
-291.0 470.0
200.0 -99.0
-128.0 -169.0
-28.0 -455.0
208.0 202.0
-197.0 69.0
-209.0 -352.0
115.0 331.0
464.0 122.0
-189.0 -133.0
483.0 -257.0
236.0 -237.0
-89.0 392.0
-115.0 267.0
-193.0 -214.0
1.0 493.0
71.0 42.0
142.0 -140.0
71.0 133.0
442.0 194.0
217.0 -151.0
-493.0 306.0
332.0 256.0
342.0 -298.0
-268.0 -316.0
335.0 -404.0
-70.0 319.0
414.0 -176.0
41.0 219.0
241.0 -347.0
-74.0 -469.0
391.0 -227.0
-500.0 -8.0
-112.0 -319.0
93.0 -283.0
-280.0 118.0
-335.0 -480.0
292.0 -424.0
223.0 -84.0
92.0 348.0
-203.0 -197.0
-450.0 223.0
-444.0 -64.0
-460.0 127.0
471.0 -206.0
-191.0 -355.0
-42.0 -366.0
424.0 389.0
-364.0 -37.0
347.0 -109.0
-259.0 -106.0
372.0 -290.0
276.0 27.0
-455.0 -457.0
428.0 -354.0
-63.0 -195.0
-353.0 46.0
-461.0 491.0
322.0 -56.0
11.0 153.0
-419.0 -195.0
-10.0 -412.0
-382.0 -175.0
-483.0 212.0
-156.0 445.0
-349.0 50.0
-341.0 114.0
325.0 296.0
185.0 255.0
-331.0 302.0
-133.0 106.0
233.0 -131.0
358.0 -56.0
422.0 -265.0
72.0 -198.0
247.0 3.0
-280.0 -299.0
130.0 -195.0
-116.0 -255.0
313.0 -212.0
-340.0 -44.0
7.0 -461.0
279.0 252.0
-252.0 351.0
113.0 239.0
303.0 -455.0
29.0 -326.0
353.0 70.0
-115.0 -497.0
-328.0 -16.0
-310.0 -314.0
377.0 -493.0
-228.0 86.0
392.0 -447.0
-500.0 -230.0
112.0 356.0
274.0 254.0
-423.0 -442.0
-188.0 -335.0
-392.0 -230.0
-463.0 318.0
-206.0 -285.0
-192.0 199.0
-365.0 -415.0
-124.0 344.0
155.0 -53.0
353.0 441.0
-455.0 84.0
-109.0 -159.0
17.0 -212.0
479.0 360.0
-216.0 458.0
-295.0 -77.0
169.0 -427.0
-463.0 68.0
-55.0 389.0
133.0 235.0
152.0 -208.0
91.0 9.0
225.0 296.0
-467.0 478.0
447.0 280.0
-384.0 267.0
280.0 -166.0
-169.0 -483.0
262.0 194.0
-487.0 -172.0
7.0 228.0
-460.0 37.0
444.0 -345.0
345.0 83.0
-477.0 -384.0
491.0 -340.0
-254.0 309.0
-304.0 363.0
-431.0 -20.0
375.0 -305.0
-367.0 316.0
368.0 186.0
-53.0 -299.0
-413.0 348.0
1.0 -225.0
150.0 -334.0
-405.0 385.0
-250.0 -213.0
52.0 -54.0
493.0 -376.0
-444.0 483.0
130.0 -389.0
223.0 213.0
-368.0 163.0
136.0 -222.0
-487.0 332.0
380.0 237.0
-380.0 196.0
310.0 425.0
-313.0 221.0
-5.0 -430.0
-312.0 -57.0
456.0 378.0
117.0 253.0
79.0 -292.0
-350.0 104.0
-284.0 -332.0
-319.0 -202.0
-350.0 38.0
-184.0 -331.0
-262.0 -205.0
-6.0 110.0
-107.0 -462.0
267.0 108.0
347.0 -77.0
-189.0 41.0
491.0 257.0
373.0 -458.0
-140.0 -147.0
215.0 54.0
179.0 147.0
90.0 197.0
173.0 352.0
181.0 311.0
165.0 38.0
52.0 33.0
386.0 -433.0
-492.0 -37.0
372.0 -326.0
-89.0 -8.0
297.0 47.0
371.0 260.0
176.0 -295.0
373.0 -220.0
78.0 -435.0
-3.0 -53.0
40.0 -396.0
-390.0 94.0
114.0 102.0
-185.0 -79.0
-357.0 55.0
241.0 461.0
3.0 24.0
320.0 157.0
-32.0 81.0
-73.0 473.0
344.0 20.0
461.0 425.0
-492.0 92.0
67.0 -407.0
283.0 195.0
-333.0 437.0
383.0 71.0
-15.0 -350.0
11.0 -471.0
191.0 7.0
382.0 -377.0
-270.0 -424.0
-171.0 -446.0
-200.0 58.0
155.0 389.0
-436.0 177.0
142.0 -435.0
113.0 -292.0
-152.0 245.0
200.0 -373.0
-304.0 -253.0
183.0 -496.0
171.0 302.0
370.0 -316.0
-129.0 -304.0
