12
83
495.0 405.0
-425.0 232.0
-56.0 238.0
98.0 -366.0
399.0 -478.0
-265.0 488.0
479.0 -163.0
316.0 -45.0
-437.0 -344.0
-94.0 -10.0
271.0 -381.0
151.0 -330.0
-379.0 -182.0
27.0 307.0
231.0 421.0
391.0 -290.0
290.0 -323.0
337.0 494.0
174.0 15.0
304.0 -406.0
375.0 -481.0
46.0 231.0
-292.0 223.0
494.0 -475.0
296.0 -293.0
-252.0 211.0
191.0 213.0
412.0 65.0
314.0 492.0
-409.0 279.0
402.0 98.0
-408.0 131.0
402.0 3.0
-225.0 -331.0
-112.0 328.0
204.0 265.0
-136.0 41.0
-158.0 288.0
195.0 -239.0
337.0 416.0
266.0 -337.0
-329.0 95.0
344.0 -441.0
464.0 -476.0
-165.0 -407.0
-106.0 219.0
114.0 225.0
458.0 40.0
371.0 -224.0
381.0 -10.0
115.0 284.0
-461.0 -354.0
137.0 257.0
-372.0 -494.0
-280.0 199.0
126.0 63.0
101.0 -173.0
-324.0 -53.0
-418.0 335.0
50.0 401.0
153.0 -285.0
-258.0 -334.0
-410.0 -150.0
162.0 148.0
121.0 352.0
-62.0 307.0
188.0 0.0
-471.0 -336.0
60.0 -204.0
2.0 -154.0
293.0 119.0
268.0 433.0
-461.0 -451.0
240.0 295.0
-152.0 -132.0
57.0 -488.0
340.0 -153.0
-460.0 14.0
-114.0 477.0
-266.0 -41.0
-339.0 -167.0
-233.0 -426.0
-63.0 337.0
83
350.0 117.0
-188.0 -476.0
-156.0 -499.0
70.0 277.0
1.0 -461.0
24.0 452.0
272.0 344.0
-233.0 397.0
-86.0 407.0
-179.0 229.0
306.0 -469.0
26.0 -488.0
114.0 65.0
-373.0 -285.0
358.0 103.0
129.0 62.0
-8.0 -378.0
-170.0 38.0
-286.0 -416.0
126.0 397.0
62.0 149.0
435.0 -364.0
-146.0 -399.0
-62.0 -219.0
472.0 324.0
443.0 460.0
-26.0 -329.0
-214.0 472.0
-486.0 365.0
-369.0 401.0
317.0 -335.0
-362.0 -74.0
-204.0 -361.0
-424.0 153.0
84.0 45.0
-425.0 190.0
179.0 -369.0
75.0 494.0
-238.0 -213.0
281.0 -122.0
-398.0 -481.0
473.0 -18.0
-312.0 -474.0
15.0 187.0
297.0 479.0
-343.0 -20.0
3.0 386.0
-488.0 170.0
307.0 -441.0
-9.0 29.0
-375.0 -439.0
64.0 -308.0
216.0 -468.0
179.0 128.0
-335.0 166.0
-381.0 -170.0
308.0 -87.0
478.0 -339.0
150.0 -263.0
399.0 401.0
-420.0 -469.0
270.0 -30.0
-294.0 372.0
-96.0 22.0
-300.0 253.0
-447.0 -6.0
179.0 46.0
-482.0 -243.0
-302.0 -373.0
-304.0 -395.0
-213.0 310.0
-114.0 241.0
-5.0 323.0
2.0 -246.0
480.0 -409.0
-446.0 126.0
-249.0 206.0
175.0 294.0
-179.0 -213.0
47.0 405.0
178.0 307.0
-74.0 451.0
232.0 194.0
83
7.0 -240.0
131.0 346.0
-121.0 127.0
-401.0 -494.0
-311.0 -31.0
-224.0 414.0
494.0 126.0
233.0 -15.0
-396.0 2.0
92.0 -222.0
-94.0 -316.0
-113.0 325.0
27.0 -154.0
-403.0 -293.0
-235.0 -366.0
-229.0 -108.0
-340.0 89.0
-74.0 315.0
465.0 -52.0
-154.0 -291.0
-106.0 -127.0
-158.0 305.0
-362.0 -7.0
300.0 -424.0
394.0 -334.0
471.0 -330.0
-138.0 -333.0
60.0 213.0
-9.0 -90.0
-374.0 227.0
-343.0 -453.0
-332.0 111.0
21.0 -63.0
-246.0 55.0
-489.0 -77.0
407.0 390.0
41.0 415.0
-47.0 264.0
-407.0 -440.0
429.0 -62.0
-235.0 -368.0
-461.0 54.0
-390.0 1.0
318.0 86.0
144.0 10.0
352.0 326.0
-188.0 -187.0
-57.0 -485.0
-215.0 477.0
-283.0 -449.0
-408.0 -145.0
407.0 -342.0
289.0 139.0
179.0 -218.0
-496.0 -76.0
-383.0 454.0
-245.0 362.0
127.0 -274.0
-431.0 -437.0
169.0 -312.0
245.0 -66.0
-429.0 -400.0
-328.0 -457.0
-123.0 -355.0
394.0 268.0
-280.0 -496.0
332.0 -210.0
-15.0 -481.0
-237.0 306.0
242.0 333.0
-363.0 -427.0
465.0 -97.0
-38.0 -163.0
312.0 212.0
241.0 -449.0
-225.0 64.0
458.0 -372.0
-140.0 221.0
356.0 215.0
265.0 182.0
45.0 -33.0
-319.0 309.0
234.0 210.0
83
-106.0 366.0
345.0 102.0
69.0 -500.0
-107.0 -449.0
211.0 480.0
-142.0 234.0
67.0 -105.0
129.0 30.0
212.0 -277.0
145.0 379.0
142.0 -483.0
386.0 -293.0
171.0 -222.0
-56.0 354.0
453.0 -491.0
159.0 -337.0
109.0 -49.0
-470.0 85.0
-424.0 -30.0
427.0 41.0
-491.0 193.0
-347.0 121.0
-337.0 -315.0
379.0 270.0
-184.0 79.0
98.0 3.0
-177.0 -369.0
-192.0 354.0
58.0 -221.0
-204.0 268.0
123.0 18.0
-4.0 499.0
190.0 48.0
72.0 -345.0
-1.0 -354.0
-239.0 86.0
371.0 -65.0
-135.0 204.0
186.0 412.0
483.0 -418.0
305.0 -305.0
168.0 312.0
38.0 -200.0
-192.0 376.0
457.0 162.0
398.0 -371.0
290.0 -14.0
-62.0 234.0
-164.0 109.0
306.0 -382.0
178.0 388.0
156.0 -495.0
195.0 5.0
-316.0 -251.0
-429.0 -330.0
462.0 -208.0
48.0 498.0
-48.0 263.0
154.0 -95.0
429.0 40.0
-338.0 -161.0
478.0 -459.0
145.0 288.0
-453.0 39.0
86.0 -225.0
-315.0 -150.0
261.0 361.0
0.0 -448.0
-239.0 -317.0
-129.0 -120.0
-307.0 -145.0
196.0 357.0
-201.0 -495.0
115.0 289.0
-77.0 -331.0
-69.0 -286.0
53.0 358.0
-69.0 -14.0
296.0 -437.0
114.0 -218.0
-54.0 -127.0
-424.0 353.0
-21.0 450.0
83
-9.0 182.0
168.0 -330.0
412.0 -114.0
-60.0 -262.0
441.0 267.0
-319.0 -106.0
-415.0 133.0
-218.0 -336.0
382.0 454.0
-154.0 163.0
-184.0 -186.0
281.0 -53.0
-468.0 -385.0
409.0 495.0
-48.0 289.0
-301.0 446.0
63.0 207.0
73.0 -312.0
153.0 423.0
437.0 -26.0
-53.0 -399.0
43.0 87.0
393.0 205.0
-455.0 -408.0
-98.0 193.0
-306.0 346.0
-459.0 393.0
415.0 -337.0
87.0 135.0
453.0 113.0
91.0 211.0
-357.0 -460.0
-163.0 170.0
-417.0 -457.0
-336.0 -393.0
191.0 -358.0
441.0 -410.0
88.0 396.0
-307.0 217.0
63.0 53.0
-68.0 -265.0
387.0 285.0
293.0 -224.0
315.0 -245.0
342.0 402.0
-418.0 15.0
-108.0 102.0
-427.0 -203.0
148.0 -440.0
-152.0 -419.0
161.0 401.0
163.0 -292.0
-380.0 164.0
-400.0 -122.0
211.0 -456.0
402.0 261.0
163.0 210.0
-493.0 -397.0
-487.0 -95.0
454.0 -249.0
-463.0 135.0
434.0 269.0
140.0 -350.0
244.0 231.0
-17.0 78.0
-48.0 126.0
261.0 -352.0
277.0 325.0
435.0 -276.0
-402.0 487.0
-342.0 -101.0
399.0 431.0
134.0 59.0
466.0 127.0
-31.0 -336.0
74.0 -318.0
352.0 -184.0
315.0 137.0
-364.0 351.0
-167.0 -387.0
-498.0 256.0
143.0 322.0
-468.0 290.0
83
-340.0 -113.0
366.0 119.0
-191.0 425.0
294.0 -500.0
495.0 307.0
-122.0 -431.0
-1.0 -496.0
486.0 20.0
-168.0 -234.0
-485.0 454.0
-262.0 313.0
199.0 -422.0
-422.0 310.0
252.0 413.0
326.0 382.0
-387.0 237.0
-59.0 -264.0
24.0 -111.0
87.0 228.0
299.0 271.0
-433.0 51.0
-175.0 -328.0
440.0 464.0
61.0 -81.0
447.0 -359.0
53.0 141.0
258.0 -405.0
69.0 -482.0
-70.0 89.0
82.0 -117.0
402.0 -348.0
75.0 -333.0
33.0 42.0
-335.0 24.0
482.0 -216.0
240.0 -467.0
-485.0 -131.0
-125.0 271.0
-378.0 48.0
-227.0 444.0
425.0 -270.0
-82.0 59.0
-86.0 390.0
-29.0 -474.0
-296.0 -342.0
-297.0 221.0
-187.0 481.0
118.0 398.0
-162.0 482.0
330.0 -474.0
-411.0 -313.0
-108.0 44.0
-94.0 311.0
-124.0 -70.0
423.0 -455.0
-463.0 -248.0
-104.0 285.0
377.0 197.0
-484.0 114.0
-498.0 -497.0
351.0 -344.0
-497.0 -438.0
-341.0 121.0
-315.0 -395.0
-38.0 -362.0
-96.0 241.0
-396.0 287.0
-461.0 -481.0
-392.0 -251.0
442.0 348.0
83.0 -485.0
258.0 94.0
-440.0 -333.0
-350.0 -171.0
-133.0 271.0
-438.0 -271.0
-210.0 -417.0
-479.0 -192.0
-328.0 369.0
482.0 360.0
-490.0 444.0
-197.0 54.0
287.0 -470.0
83
-160.0 -18.0
-194.0 160.0
-458.0 -156.0
164.0 -363.0
-385.0 16.0
395.0 71.0
-311.0 165.0
-277.0 430.0
422.0 50.0
-36.0 -334.0
-395.0 -132.0
-479.0 473.0
276.0 -306.0
-28.0 -313.0
25.0 425.0
231.0 151.0
125.0 337.0
141.0 86.0
-171.0 418.0
-481.0 417.0
-443.0 -133.0
-154.0 -241.0
-413.0 -319.0
394.0 34.0
-174.0 251.0
-293.0 494.0
218.0 277.0
-341.0 300.0
-70.0 472.0
254.0 -472.0
-3.0 -28.0
-325.0 226.0
98.0 -217.0
465.0 129.0
108.0 372.0
281.0 -351.0
86.0 -281.0
5.0 319.0
51.0 -309.0
-451.0 -427.0
124.0 305.0
-484.0 203.0
-373.0 -198.0
-416.0 -132.0
-349.0 470.0
-345.0 -160.0
413.0 397.0
392.0 -455.0
-203.0 -217.0
-104.0 -231.0
-290.0 100.0
-370.0 -403.0
327.0 -92.0
-187.0 -422.0
440.0 397.0
432.0 -111.0
286.0 427.0
-448.0 -12.0
59.0 18.0
-201.0 -195.0
-175.0 -471.0
77.0 -244.0
-164.0 390.0
88.0 -76.0
370.0 445.0
222.0 -38.0
-221.0 -321.0
54.0 140.0
417.0 434.0
103.0 364.0
220.0 -309.0
-277.0 -14.0
-456.0 -214.0
-241.0 305.0
235.0 195.0
262.0 124.0
-343.0 114.0
160.0 -220.0
10.0 -130.0
378.0 53.0
-68.0 -441.0
244.0 -184.0
-477.0 483.0
83
220.0 485.0
-493.0 153.0
200.0 94.0
180.0 -171.0
-323.0 -300.0
327.0 142.0
462.0 -306.0
37.0 311.0
364.0 -171.0
-40.0 327.0
38.0 -459.0
-380.0 49.0
20.0 -463.0
-443.0 -175.0
-146.0 -27.0
-68.0 -427.0
192.0 -69.0
-81.0 -31.0
354.0 -404.0
-416.0 -226.0
-162.0 320.0
-119.0 407.0
-3.0 -373.0
-220.0 -172.0
118.0 151.0
-406.0 -341.0
-426.0 257.0
-398.0 226.0
-113.0 -358.0
-481.0 -283.0
341.0 -375.0
153.0 1.0
414.0 -107.0
-379.0 -178.0
-98.0 370.0
-11.0 -423.0
302.0 -38.0
271.0 -114.0
-402.0 -111.0
214.0 444.0
-295.0 -460.0
-44.0 270.0
284.0 245.0
-243.0 312.0
-194.0 58.0
-59.0 166.0
-318.0 -99.0
-294.0 377.0
-356.0 126.0
-129.0 74.0
-215.0 462.0
-361.0 -31.0
-403.0 482.0
128.0 -93.0
230.0 -494.0
6.0 -11.0
-460.0 -335.0
65.0 221.0
498.0 -398.0
294.0 -53.0
221.0 -87.0
-436.0 -436.0
-330.0 280.0
-328.0 -315.0
286.0 -498.0
412.0 430.0
337.0 479.0
-14.0 -271.0
-136.0 -203.0
490.0 421.0
439.0 249.0
-219.0 -151.0
317.0 177.0
228.0 469.0
-317.0 -5.0
-13.0 345.0
175.0 -279.0
88.0 47.0
20.0 251.0
103.0 -244.0
-29.0 330.0
283.0 431.0
364.0 205.0
83
-383.0 -9.0
-440.0 -317.0
232.0 484.0
-214.0 395.0
-56.0 134.0
87.0 471.0
-309.0 -403.0
407.0 -144.0
-119.0 246.0
125.0 219.0
289.0 195.0
400.0 -199.0
-58.0 500.0
302.0 -494.0
-333.0 -119.0
163.0 -91.0
-295.0 233.0
110.0 -474.0
-202.0 300.0
-95.0 109.0
314.0 144.0
365.0 460.0
14.0 -319.0
263.0 393.0
-485.0 -363.0
310.0 -279.0
-497.0 -484.0
-186.0 166.0
-128.0 -491.0
-384.0 -248.0
-441.0 -414.0
86.0 404.0
19.0 -257.0
-168.0 -390.0
-146.0 307.0
-171.0 152.0
217.0 -408.0
-236.0 -372.0
43.0 349.0
-374.0 295.0
412.0 96.0
-159.0 67.0
-486.0 -386.0
308.0 208.0
500.0 267.0
-143.0 -70.0
98.0 188.0
-433.0 92.0
147.0 86.0
350.0 447.0
244.0 -479.0
-50.0 198.0
-462.0 -39.0
-259.0 -336.0
331.0 140.0
60.0 413.0
151.0 -37.0
16.0 424.0
2.0 195.0
326.0 -146.0
315.0 -213.0
-491.0 -349.0
115.0 -447.0
-223.0 322.0
-113.0 186.0
-181.0 -129.0
-154.0 -6.0
389.0 -367.0
93.0 79.0
288.0 -338.0
196.0 451.0
-461.0 225.0
164.0 -366.0
243.0 -221.0
-430.0 367.0
304.0 25.0
-189.0 -246.0
476.0 26.0
-482.0 259.0
176.0 266.0
-412.0 68.0
89.0 -258.0
-429.0 294.0
83
374.0 -332.0
468.0 -172.0
412.0 410.0
-26.0 -258.0
252.0 337.0
-346.0 -199.0
470.0 -418.0
326.0 -204.0
110.0 -94.0
349.0 -322.0
30.0 -476.0
-447.0 166.0
381.0 485.0
455.0 281.0
-292.0 -240.0
-52.0 171.0
380.0 -496.0
-34.0 -442.0
91.0 294.0
-20.0 -406.0
-35.0 43.0
141.0 -130.0
340.0 -440.0
396.0 164.0
106.0 -2.0
-122.0 -177.0
-246.0 -180.0
-206.0 141.0
314.0 -25.0
249.0 159.0
-247.0 -95.0
-228.0 98.0
493.0 9.0
-354.0 149.0
194.0 -133.0
175.0 -394.0
-321.0 -373.0
173.0 -440.0
-282.0 -333.0
489.0 250.0
473.0 -12.0
-58.0 306.0
-463.0 -306.0
141.0 -40.0
-423.0 -230.0
-264.0 104.0
-255.0 90.0
-147.0 423.0
-59.0 -226.0
-287.0 337.0
84.0 132.0
-221.0 66.0
-369.0 -201.0
155.0 -100.0
-372.0 -215.0
32.0 -41.0
284.0 -168.0
-394.0 -52.0
335.0 385.0
316.0 -297.0
-224.0 -326.0
6.0 -437.0
119.0 494.0
-174.0 483.0
32.0 464.0
258.0 -266.0
103.0 408.0
-356.0 -220.0
-434.0 310.0
462.0 186.0
-326.0 -298.0
-172.0 -296.0
-99.0 5.0
-318.0 -272.0
-197.0 97.0
-225.0 262.0
-168.0 226.0
296.0 283.0
48.0 -479.0
-194.0 244.0
-498.0 -211.0
-371.0 -52.0
-333.0 120.0
83
50.0 329.0
-104.0 499.0
345.0 387.0
98.0 481.0
-27.0 161.0
-113.0 366.0
-179.0 400.0
-290.0 -408.0
484.0 371.0
-348.0 333.0
-280.0 -295.0
-381.0 248.0
-250.0 83.0
-256.0 432.0
467.0 35.0
-24.0 -227.0
-38.0 -132.0
42.0 85.0
162.0 -248.0
434.0 -168.0
128.0 60.0
-217.0 -172.0
-303.0 316.0
16.0 -310.0
-446.0 352.0
286.0 126.0
387.0 -481.0
178.0 469.0
-448.0 -145.0
176.0 -213.0
-55.0 17.0
-40.0 -122.0
134.0 388.0
-412.0 -94.0
47.0 429.0
451.0 417.0
386.0 432.0
-183.0 296.0
-246.0 -152.0
435.0 362.0
106.0 -317.0
-338.0 97.0
-428.0 -185.0
475.0 321.0
-178.0 198.0
-321.0 -170.0
157.0 -247.0
215.0 460.0
153.0 -482.0
-336.0 -475.0
-448.0 4.0
215.0 296.0
95.0 425.0
100.0 311.0
220.0 -399.0
-398.0 149.0
42.0 144.0
202.0 -74.0
217.0 106.0
-413.0 -230.0
17.0 -150.0
-10.0 102.0
142.0 -120.0
398.0 24.0
74.0 -421.0
-463.0 -128.0
83.0 108.0
-410.0 -268.0
-111.0 -78.0
121.0 -286.0
-474.0 -118.0
96.0 -286.0
-468.0 132.0
249.0 192.0
-194.0 409.0
449.0 -191.0
480.0 391.0
-252.0 -27.0
495.0 317.0
69.0 386.0
348.0 36.0
497.0 -9.0
399.0 -227.0
87
367.0 369.0
-374.0 -378.0
475.0 -201.0
346.0 -224.0
-355.0 -157.0
56.0 275.0
-36.0 -205.0
173.0 -67.0
-491.0 -159.0
206.0 353.0
450.0 129.0
-81.0 99.0
-236.0 -57.0
-299.0 -3.0
-398.0 237.0
62.0 306.0
-474.0 283.0
275.0 -127.0
492.0 -182.0
-433.0 227.0
26.0 -258.0
-285.0 201.0
-288.0 -299.0
-481.0 -144.0
420.0 91.0
144.0 194.0
480.0 244.0
50.0 -286.0
371.0 496.0
-195.0 -89.0
-417.0 468.0
439.0 -311.0
-459.0 -330.0
129.0 -262.0
-326.0 -12.0
-301.0 -355.0
-390.0 -388.0
133.0 -332.0
29.0 4.0
-126.0 201.0
347.0 -29.0
377.0 16.0
20.0 -467.0
-432.0 149.0
315.0 24.0
-373.0 -311.0
-256.0 -321.0
160.0 341.0
356.0 -340.0
-388.0 -391.0
113.0 119.0
-39.0 -136.0
400.0 -403.0
-65.0 -314.0
148.0 -385.0
-91.0 -85.0
-195.0 451.0
386.0 -375.0
-358.0 -135.0
-83.0 376.0
144.0 92.0
37.0 -190.0
-298.0 393.0
188.0 -346.0
242.0 -323.0
112.0 -375.0
197.0 334.0
-371.0 37.0
-406.0 -125.0
-180.0 -361.0
-462.0 -486.0
7.0 -464.0
22.0 -337.0
-20.0 330.0
325.0 -441.0
240.0 -66.0
95.0 -422.0
-273.0 -428.0
365.0 150.0
-353.0 464.0
8.0 -126.0
483.0 -94.0
-378.0 248.0
433.0 -160.0
42.0 80.0
42.0 131.0
466.0 211.0
