15
66
-433.0 372.0
-377.0 154.0
259.0 -175.0
-10.0 -398.0
477.0 266.0
132.0 315.0
129.0 206.0
-255.0 -333.0
-358.0 -73.0
271.0 -487.0
279.0 427.0
-169.0 -172.0
195.0 -421.0
467.0 23.0
356.0 298.0
0.0 -94.0
126.0 -165.0
190.0 255.0
224.0 113.0
52.0 -271.0
386.0 415.0
-169.0 168.0
-174.0 -476.0
297.0 -42.0
299.0 495.0
-181.0 380.0
-164.0 -208.0
352.0 -153.0
-347.0 101.0
21.0 276.0
306.0 335.0
-438.0 431.0
401.0 67.0
-352.0 438.0
183.0 20.0
295.0 -279.0
-448.0 80.0
36.0 -256.0
120.0 144.0
-387.0 488.0
72.0 -328.0
-174.0 119.0
39.0 150.0
-15.0 -1.0
-148.0 398.0
190.0 -499.0
-12.0 309.0
384.0 439.0
-417.0 -198.0
162.0 420.0
-496.0 495.0
262.0 462.0
-333.0 25.0
-426.0 69.0
-439.0 -313.0
265.0 247.0
425.0 -151.0
-59.0 -454.0
483.0 -68.0
291.0 -308.0
-330.0 100.0
-423.0 134.0
-382.0 -379.0
-169.0 226.0
-374.0 65.0
-214.0 -441.0
66
-20.0 75.0
299.0 378.0
-95.0 318.0
188.0 93.0
-417.0 25.0
-394.0 -467.0
49.0 56.0
164.0 279.0
457.0 -8.0
2.0 -234.0
-396.0 -385.0
370.0 415.0
401.0 199.0
142.0 219.0
315.0 415.0
91.0 -259.0
219.0 -498.0
337.0 -426.0
55.0 -60.0
224.0 -425.0
4.0 334.0
380.0 466.0
-458.0 -356.0
224.0 483.0
380.0 122.0
-388.0 328.0
418.0 376.0
-109.0 431.0
124.0 -444.0
478.0 102.0
-34.0 -452.0
133.0 112.0
-254.0 212.0
362.0 200.0
-78.0 45.0
17.0 343.0
325.0 -496.0
144.0 -237.0
-271.0 -201.0
31.0 -234.0
-364.0 -44.0
-151.0 -292.0
-18.0 -389.0
437.0 29.0
-352.0 -344.0
-315.0 -271.0
151.0 -59.0
-255.0 -138.0
-9.0 403.0
384.0 -184.0
305.0 -454.0
475.0 -380.0
-432.0 323.0
-349.0 -171.0
-264.0 -50.0
382.0 -348.0
88.0 386.0
135.0 349.0
-462.0 108.0
308.0 -460.0
141.0 391.0
141.0 78.0
-343.0 -383.0
452.0 291.0
-482.0 -61.0
309.0 -155.0
66
264.0 79.0
201.0 -468.0
-42.0 287.0
353.0 222.0
103.0 -301.0
58.0 -388.0
102.0 -113.0
-139.0 446.0
-475.0 -331.0
28.0 -249.0
-329.0 -381.0
-205.0 -66.0
-284.0 15.0
-173.0 -298.0
77.0 120.0
379.0 450.0
25.0 443.0
474.0 -392.0
339.0 130.0
-434.0 35.0
177.0 169.0
-129.0 12.0
-244.0 268.0
500.0 -124.0
59.0 -287.0
-327.0 -468.0
-48.0 -495.0
175.0 77.0
-14.0 298.0
161.0 -459.0
82.0 -414.0
344.0 -52.0
-327.0 167.0
422.0 -208.0
-172.0 -287.0
-109.0 251.0
340.0 -480.0
369.0 197.0
351.0 342.0
-178.0 -104.0
-435.0 -223.0
-269.0 442.0
451.0 500.0
-274.0 156.0
40.0 306.0
491.0 -232.0
413.0 -55.0
128.0 -353.0
248.0 -171.0
141.0 -310.0
355.0 44.0
245.0 339.0
-481.0 -386.0
-477.0 350.0
-478.0 -447.0
-344.0 207.0
267.0 -196.0
-323.0 -369.0
132.0 11.0
448.0 295.0
69.0 -201.0
-249.0 -227.0
-178.0 -463.0
-155.0 -283.0
-367.0 469.0
362.0 116.0
66
273.0 -230.0
428.0 9.0
231.0 477.0
440.0 350.0
485.0 -300.0
238.0 -207.0
-119.0 312.0
148.0 -183.0
-427.0 179.0
299.0 -376.0
152.0 28.0
261.0 492.0
314.0 484.0
415.0 315.0
47.0 -159.0
111.0 -412.0
-104.0 -155.0
-148.0 494.0
350.0 -194.0
-483.0 -179.0
40.0 -27.0
141.0 26.0
-296.0 -108.0
-310.0 -387.0
223.0 -491.0
54.0 402.0
289.0 165.0
34.0 -277.0
273.0 -140.0
-353.0 370.0
26.0 -475.0
129.0 121.0
-283.0 152.0
-246.0 -316.0
381.0 -326.0
254.0 308.0
-457.0 -97.0
377.0 270.0
-499.0 453.0
159.0 -314.0
488.0 -451.0
-189.0 407.0
-393.0 57.0
470.0 472.0
493.0 -422.0
-394.0 -224.0
195.0 -155.0
-255.0 -246.0
248.0 59.0
-365.0 -226.0
-78.0 -487.0
-458.0 -21.0
105.0 63.0
-397.0 -470.0
-386.0 -13.0
-448.0 244.0
239.0 290.0
272.0 68.0
206.0 419.0
-438.0 -476.0
-147.0 -473.0
204.0 192.0
253.0 -120.0
259.0 -105.0
-354.0 -12.0
331.0 -97.0
66
373.0 399.0
-225.0 -485.0
-452.0 -282.0
289.0 381.0
482.0 -274.0
-382.0 421.0
-231.0 62.0
-315.0 378.0
198.0 211.0
479.0 96.0
-161.0 -197.0
-454.0 -218.0
255.0 149.0
462.0 -119.0
-432.0 -77.0
-308.0 -116.0
-121.0 245.0
-40.0 -454.0
70.0 -308.0
322.0 356.0
-272.0 493.0
272.0 107.0
313.0 331.0
-451.0 491.0
-471.0 -471.0
402.0 221.0
-476.0 223.0
82.0 398.0
326.0 -455.0
113.0 -337.0
268.0 349.0
5.0 -71.0
453.0 14.0
-54.0 341.0
-204.0 -428.0
-412.0 407.0
-208.0 -285.0
40.0 190.0
-222.0 -80.0
187.0 178.0
249.0 54.0
-24.0 242.0
-310.0 189.0
-340.0 54.0
179.0 281.0
-359.0 100.0
-145.0 -482.0
-453.0 -489.0
73.0 26.0
-152.0 -169.0
-272.0 367.0
-424.0 -146.0
-474.0 463.0
148.0 469.0
-458.0 -247.0
281.0 62.0
-99.0 99.0
430.0 -244.0
214.0 -491.0
387.0 21.0
-136.0 411.0
354.0 362.0
167.0 489.0
314.0 -339.0
-281.0 470.0
29.0 85.0
66
-355.0 -480.0
138.0 -393.0
7.0 -188.0
-481.0 36.0
344.0 14.0
290.0 -343.0
386.0 -479.0
-205.0 -344.0
-76.0 -392.0
96.0 159.0
-470.0 -500.0
-324.0 139.0
486.0 -454.0
-277.0 -226.0
-85.0 8.0
-125.0 -253.0
109.0 246.0
-94.0 -253.0
8.0 420.0
402.0 166.0
-252.0 320.0
-44.0 122.0
301.0 -208.0
252.0 -305.0
-376.0 -215.0
135.0 -363.0
-14.0 -132.0
-346.0 -442.0
-205.0 338.0
128.0 -338.0
-16.0 -405.0
-71.0 -24.0
314.0 -352.0
-173.0 -371.0
81.0 -96.0
-460.0 -321.0
-244.0 -284.0
-240.0 484.0
-365.0 109.0
-483.0 -196.0
-67.0 -235.0
-11.0 437.0
41.0 -11.0
393.0 104.0
-226.0 243.0
-81.0 474.0
-466.0 382.0
443.0 -428.0
-112.0 334.0
18.0 -84.0
-246.0 -68.0
-230.0 -252.0
-123.0 206.0
-186.0 -340.0
23.0 483.0
253.0 0.0
342.0 -315.0
23.0 148.0
-350.0 470.0
-22.0 -484.0
-470.0 314.0
471.0 474.0
187.0 -482.0
77.0 -470.0
-152.0 392.0
404.0 460.0
66
20.0 -28.0
251.0 -369.0
376.0 163.0
370.0 401.0
201.0 5.0
-173.0 -353.0
292.0 -302.0
-23.0 189.0
254.0 181.0
-194.0 265.0
-37.0 -450.0
-439.0 44.0
213.0 188.0
183.0 243.0
-167.0 -14.0
144.0 134.0
182.0 -293.0
19.0 217.0
62.0 -284.0
250.0 -481.0
-386.0 -77.0
291.0 196.0
27.0 -404.0
290.0 138.0
221.0 -408.0
359.0 277.0
-151.0 30.0
-273.0 227.0
414.0 -461.0
-4.0 -112.0
-25.0 209.0
-421.0 -92.0
-163.0 453.0
270.0 -68.0
126.0 -161.0
-59.0 61.0
142.0 -27.0
128.0 -268.0
-307.0 304.0
-413.0 238.0
365.0 -267.0
56.0 454.0
293.0 141.0
-371.0 437.0
-195.0 -499.0
227.0 323.0
97.0 -275.0
-305.0 -367.0
2.0 456.0
167.0 200.0
18.0 -320.0
-230.0 299.0
-137.0 40.0
-91.0 -92.0
-310.0 318.0
-468.0 -471.0
497.0 -407.0
-51.0 40.0
46.0 -410.0
447.0 -346.0
-177.0 34.0
468.0 -88.0
340.0 -452.0
71.0 -482.0
-63.0 -317.0
102.0 -25.0
66
-113.0 499.0
-484.0 438.0
61.0 73.0
364.0 337.0
-179.0 -491.0
-325.0 113.0
-321.0 -283.0
492.0 -75.0
-55.0 -285.0
-83.0 24.0
-433.0 -293.0
52.0 474.0
343.0 108.0
492.0 459.0
134.0 300.0
-410.0 -271.0
420.0 -498.0
263.0 -188.0
-244.0 -93.0
403.0 297.0
-390.0 226.0
197.0 -436.0
-306.0 -104.0
320.0 54.0
158.0 415.0
-187.0 343.0
444.0 -425.0
-33.0 109.0
-362.0 -92.0
9.0 -194.0
210.0 165.0
432.0 428.0
410.0 -73.0
-223.0 244.0
147.0 246.0
447.0 365.0
-334.0 257.0
136.0 144.0
-23.0 -62.0
-391.0 186.0
-336.0 464.0
-269.0 -185.0
377.0 427.0
-485.0 77.0
-388.0 338.0
182.0 353.0
-37.0 -367.0
202.0 370.0
-258.0 156.0
255.0 416.0
-282.0 151.0
-452.0 -341.0
-142.0 453.0
-165.0 435.0
-2.0 293.0
-153.0 358.0
-125.0 274.0
405.0 13.0
-274.0 471.0
-199.0 234.0
-322.0 272.0
-464.0 -306.0
-258.0 -7.0
-134.0 -241.0
-370.0 -31.0
301.0 -59.0
66
-128.0 -462.0
379.0 391.0
-158.0 -458.0
185.0 -9.0
-12.0 231.0
-420.0 -408.0
97.0 184.0
460.0 194.0
160.0 -291.0
270.0 -400.0
203.0 -246.0
285.0 -334.0
353.0 416.0
347.0 -492.0
-334.0 -285.0
-207.0 360.0
471.0 82.0
-239.0 105.0
-172.0 479.0
-230.0 -281.0
-387.0 383.0
-298.0 171.0
-485.0 383.0
-448.0 -111.0
-398.0 439.0
378.0 495.0
390.0 -137.0
-357.0 -9.0
419.0 332.0
214.0 289.0
270.0 391.0
-312.0 -79.0
-488.0 -461.0
-2.0 84.0
103.0 -471.0
292.0 443.0
331.0 160.0
437.0 -228.0
107.0 -354.0
106.0 -453.0
3.0 57.0
-228.0 249.0
-87.0 408.0
-287.0 227.0
384.0 84.0
87.0 -150.0
26.0 433.0
-449.0 -388.0
-372.0 -374.0
438.0 198.0
-252.0 -379.0
-205.0 240.0
-242.0 84.0
158.0 72.0
-471.0 -71.0
-285.0 -3.0
-366.0 -388.0
321.0 113.0
-87.0 144.0
357.0 -299.0
252.0 456.0
-457.0 492.0
132.0 -153.0
-203.0 -129.0
-497.0 379.0
147.0 -390.0
66
-104.0 252.0
-440.0 164.0
-131.0 -260.0
440.0 -138.0
25.0 24.0
-282.0 -442.0
-177.0 422.0
240.0 43.0
333.0 497.0
162.0 -468.0
435.0 499.0
-238.0 -282.0
402.0 -238.0
280.0 400.0
487.0 -147.0
-349.0 173.0
-319.0 4.0
-254.0 397.0
-79.0 354.0
414.0 365.0
-248.0 -472.0
-48.0 370.0
219.0 -251.0
446.0 -316.0
-140.0 -283.0
112.0 289.0
-32.0 -165.0
101.0 61.0
472.0 -127.0
28.0 356.0
279.0 456.0
-121.0 432.0
214.0 -125.0
434.0 337.0
-127.0 -407.0
-191.0 395.0
-332.0 -275.0
457.0 65.0
-442.0 -382.0
359.0 -383.0
-238.0 413.0
168.0 393.0
286.0 -366.0
434.0 387.0
-293.0 -275.0
139.0 -118.0
-476.0 -5.0
-137.0 -199.0
-433.0 -492.0
283.0 -196.0
-64.0 -70.0
-6.0 173.0
-72.0 -10.0
207.0 -122.0
-481.0 83.0
-351.0 -273.0
150.0 412.0
410.0 -177.0
48.0 407.0
423.0 -319.0
314.0 169.0
-368.0 -215.0
-315.0 216.0
170.0 402.0
-13.0 316.0
-244.0 -121.0
66
-234.0 445.0
-137.0 445.0
-327.0 282.0
96.0 -117.0
143.0 238.0
90.0 -474.0
-175.0 335.0
340.0 -31.0
218.0 -252.0
-475.0 -152.0
6.0 -218.0
-149.0 -16.0
-100.0 -493.0
15.0 386.0
148.0 285.0
311.0 400.0
398.0 -39.0
-133.0 -351.0
-431.0 471.0
-128.0 350.0
-37.0 -4.0
249.0 52.0
-267.0 172.0
-48.0 471.0
-468.0 -405.0
267.0 1.0
-55.0 -11.0
300.0 150.0
-474.0 -351.0
-36.0 179.0
-84.0 -339.0
-201.0 307.0
-173.0 -43.0
-413.0 -324.0
-426.0 -353.0
331.0 -318.0
467.0 148.0
-399.0 198.0
-4.0 110.0
199.0 -124.0
-352.0 -87.0
325.0 -318.0
319.0 353.0
93.0 -296.0
496.0 246.0
391.0 16.0
397.0 166.0
-325.0 61.0
28.0 -240.0
304.0 156.0
-296.0 225.0
-84.0 418.0
-124.0 -47.0
271.0 -388.0
445.0 -87.0
-84.0 -204.0
221.0 265.0
-361.0 186.0
178.0 108.0
-70.0 317.0
438.0 -11.0
352.0 -283.0
269.0 -59.0
-141.0 -202.0
160.0 244.0
-63.0 -354.0
66
386.0 74.0
119.0 415.0
-184.0 248.0
158.0 325.0
292.0 8.0
321.0 -475.0
144.0 275.0
332.0 51.0
153.0 154.0
349.0 -67.0
9.0 370.0
8.0 -377.0
221.0 -362.0
-259.0 426.0
492.0 428.0
-153.0 -58.0
-251.0 -461.0
-333.0 171.0
208.0 -454.0
181.0 -44.0
-292.0 -498.0
-140.0 30.0
247.0 -416.0
63.0 45.0
-4.0 -183.0
351.0 -21.0
-158.0 135.0
-139.0 -297.0
-492.0 -168.0
9.0 2.0
-332.0 496.0
138.0 31.0
133.0 269.0
280.0 -268.0
-39.0 144.0
-362.0 -74.0
-235.0 -431.0
-161.0 -39.0
-91.0 -433.0
-302.0 -390.0
397.0 52.0
-197.0 -60.0
-435.0 -440.0
165.0 350.0
295.0 -4.0
-56.0 -5.0
173.0 -127.0
-273.0 -7.0
-302.0 -181.0
158.0 -153.0
-449.0 -475.0
-90.0 217.0
270.0 -317.0
-201.0 -296.0
386.0 429.0
163.0 230.0
-479.0 420.0
-376.0 -352.0
318.0 317.0
37.0 404.0
381.0 214.0
47.0 -441.0
340.0 180.0
-401.0 383.0
391.0 466.0
165.0 -74.0
66
-150.0 -316.0
54.0 491.0
302.0 14.0
-109.0 -212.0
257.0 125.0
417.0 -138.0
120.0 403.0
316.0 -295.0
204.0 213.0
-365.0 -357.0
-248.0 275.0
446.0 42.0
215.0 -221.0
-342.0 -470.0
-309.0 87.0
-17.0 400.0
11.0 -200.0
305.0 9.0
-320.0 -498.0
312.0 339.0
79.0 -308.0
-442.0 432.0
-160.0 -28.0
64.0 -373.0
45.0 -362.0
411.0 273.0
-10.0 116.0
-230.0 -201.0
374.0 20.0
237.0 84.0
-463.0 -209.0
-373.0 424.0
31.0 -188.0
-417.0 -101.0
-157.0 -499.0
398.0 -301.0
245.0 -276.0
-297.0 -163.0
-186.0 -459.0
-38.0 473.0
303.0 479.0
-59.0 306.0
-262.0 467.0
474.0 321.0
-300.0 -494.0
-395.0 383.0
-476.0 483.0
15.0 400.0
-251.0 -457.0
-54.0 -333.0
466.0 463.0
79.0 -420.0
393.0 -277.0
483.0 -102.0
-367.0 -145.0
500.0 -253.0
192.0 227.0
7.0 -119.0
-321.0 270.0
-329.0 -281.0
-478.0 -30.0
347.0 -355.0
-284.0 -21.0
-400.0 215.0
-221.0 22.0
409.0 -119.0
66
484.0 97.0
285.0 419.0
276.0 -1.0
384.0 293.0
-56.0 42.0
369.0 436.0
-209.0 30.0
494.0 163.0
-3.0 425.0
301.0 393.0
215.0 364.0
498.0 -371.0
63.0 -406.0
-307.0 107.0
-284.0 -367.0
-496.0 -76.0
320.0 -105.0
-50.0 -281.0
217.0 275.0
-183.0 117.0
-241.0 -207.0
-225.0 -144.0
36.0 208.0
12.0 -112.0
-256.0 -208.0
1.0 -442.0
100.0 112.0
287.0 -131.0
130.0 113.0
44.0 -318.0
-201.0 -331.0
-260.0 5.0
455.0 -263.0
180.0 -439.0
485.0 -28.0
126.0 -338.0
55.0 44.0
421.0 68.0
-267.0 122.0
-228.0 -126.0
-145.0 -156.0
-333.0 -385.0
164.0 -417.0
419.0 337.0
142.0 -68.0
40.0 299.0
499.0 -257.0
-106.0 322.0
-70.0 -165.0
-419.0 236.0
-499.0 -264.0
-73.0 177.0
-64.0 376.0
-57.0 -496.0
-255.0 -230.0
182.0 -122.0
470.0 -215.0
257.0 343.0
-484.0 -208.0
206.0 -112.0
-109.0 488.0
28.0 315.0
403.0 302.0
440.0 93.0
352.0 -168.0
443.0 -484.0
76
-393.0 436.0
297.0 -173.0
326.0 -57.0
-184.0 -366.0
13.0 424.0
-440.0 425.0
438.0 52.0
95.0 -441.0
34.0 -191.0
-194.0 1.0
362.0 -344.0
-285.0 276.0
162.0 461.0
109.0 -154.0
471.0 261.0
-51.0 334.0
-264.0 325.0
-250.0 -419.0
-201.0 19.0
63.0 322.0
405.0 -391.0
62.0 -36.0
-52.0 261.0
-485.0 -400.0
217.0 13.0
-181.0 419.0
-265.0 443.0
490.0 72.0
57.0 -303.0
-68.0 -16.0
63.0 -165.0
86.0 -495.0
-402.0 349.0
205.0 221.0
-98.0 -111.0
-186.0 395.0
-142.0 -465.0
459.0 399.0
-178.0 144.0
182.0 357.0
-249.0 -331.0
-406.0 -81.0
54.0 7.0
-325.0 196.0
314.0 359.0
458.0 -202.0
-5.0 -322.0
-248.0 343.0
34.0 54.0
-488.0 -355.0
269.0 -155.0
269.0 -275.0
-346.0 -400.0
28.0 312.0
401.0 -159.0
-156.0 -493.0
-160.0 262.0
44.0 108.0
-282.0 -386.0
495.0 436.0
218.0 -169.0
79.0 331.0
-498.0 253.0
157.0 11.0
-101.0 452.0
-85.0 -280.0
317.0 -157.0
18.0 -400.0
-75.0 -103.0
-198.0 278.0
285.0 -147.0
-308.0 -343.0
-318.0 128.0
-457.0 -300.0
64.0 101.0
463.0 -262.0
