18
55
292.0 -92.0
95.0 266.0
-389.0 393.0
-69.0 -326.0
330.0 361.0
-294.0 348.0
200.0 154.0
204.0 -399.0
112.0 -210.0
110.0 129.0
-405.0 -131.0
-98.0 2.0
-489.0 -15.0
-66.0 -178.0
264.0 -184.0
486.0 -380.0
-29.0 -395.0
180.0 180.0
-291.0 143.0
55.0 159.0
-242.0 280.0
-302.0 163.0
-17.0 249.0
345.0 -14.0
-359.0 -18.0
-58.0 -343.0
25.0 -416.0
-404.0 153.0
-37.0 -489.0
-338.0 45.0
-296.0 -239.0
202.0 -370.0
-438.0 408.0
345.0 -408.0
253.0 90.0
73.0 302.0
-480.0 263.0
-19.0 -174.0
18.0 42.0
442.0 438.0
-263.0 -181.0
379.0 -83.0
-266.0 390.0
401.0 203.0
-324.0 -59.0
234.0 -382.0
38.0 174.0
1.0 271.0
468.0 -214.0
179.0 -126.0
485.0 -159.0
-236.0 453.0
-49.0 -458.0
-201.0 411.0
425.0 307.0
55
-56.0 308.0
-440.0 223.0
68.0 500.0
157.0 -387.0
-135.0 345.0
137.0 399.0
485.0 -252.0
339.0 -275.0
368.0 305.0
-75.0 72.0
259.0 438.0
-302.0 67.0
379.0 -380.0
-13.0 317.0
187.0 185.0
101.0 29.0
341.0 106.0
-244.0 234.0
-472.0 -80.0
-127.0 240.0
-91.0 15.0
418.0 -37.0
-402.0 6.0
375.0 -143.0
-342.0 394.0
139.0 378.0
208.0 388.0
423.0 -219.0
-45.0 427.0
386.0 -323.0
205.0 282.0
371.0 202.0
-446.0 233.0
191.0 -413.0
-99.0 -82.0
-25.0 33.0
-267.0 -328.0
433.0 -88.0
131.0 -40.0
-99.0 262.0
-443.0 206.0
143.0 493.0
-309.0 -340.0
-270.0 -463.0
-400.0 302.0
135.0 147.0
-462.0 -226.0
-73.0 -418.0
-88.0 -119.0
-233.0 299.0
269.0 448.0
-446.0 248.0
289.0 88.0
-84.0 -328.0
343.0 -412.0
55
-12.0 422.0
466.0 266.0
-328.0 288.0
-303.0 64.0
470.0 -369.0
42.0 474.0
-170.0 260.0
226.0 -206.0
355.0 -104.0
-93.0 -498.0
171.0 -337.0
23.0 -243.0
-266.0 168.0
-23.0 -62.0
332.0 102.0
-169.0 242.0
-351.0 408.0
-376.0 150.0
191.0 -8.0
106.0 -151.0
255.0 -113.0
163.0 443.0
179.0 283.0
118.0 389.0
88.0 -1.0
384.0 321.0
-60.0 219.0
-229.0 451.0
139.0 180.0
-18.0 213.0
-250.0 88.0
96.0 -80.0
107.0 -118.0
-364.0 27.0
69.0 274.0
-156.0 218.0
308.0 70.0
-438.0 -300.0
213.0 -468.0
206.0 436.0
-190.0 -370.0
-181.0 202.0
-259.0 282.0
118.0 472.0
163.0 -489.0
-9.0 3.0
414.0 -62.0
96.0 410.0
-147.0 11.0
-498.0 -445.0
21.0 -324.0
-422.0 -285.0
435.0 329.0
-271.0 404.0
374.0 121.0
55
467.0 139.0
-401.0 -263.0
100.0 237.0
-5.0 -331.0
464.0 208.0
176.0 -401.0
390.0 -43.0
-414.0 -440.0
189.0 130.0
236.0 -384.0
-42.0 267.0
-249.0 -309.0
58.0 -281.0
-143.0 -488.0
234.0 -249.0
-465.0 -234.0
-186.0 -419.0
199.0 -216.0
-367.0 -232.0
-382.0 3.0
-414.0 338.0
180.0 253.0
-159.0 -47.0
-57.0 21.0
83.0 -241.0
-142.0 482.0
-49.0 12.0
146.0 -125.0
307.0 207.0
-440.0 61.0
-157.0 -298.0
-313.0 417.0
-141.0 21.0
187.0 474.0
405.0 -171.0
278.0 337.0
90.0 -24.0
-297.0 156.0
-183.0 -325.0
146.0 457.0
-228.0 -304.0
122.0 -383.0
196.0 193.0
-358.0 -158.0
86.0 298.0
-272.0 118.0
-339.0 -74.0
-322.0 -438.0
245.0 219.0
431.0 -154.0
-77.0 406.0
138.0 -297.0
262.0 423.0
-117.0 -229.0
111.0 401.0
55
-175.0 -482.0
-135.0 -39.0
-437.0 402.0
163.0 284.0
-107.0 -8.0
107.0 -445.0
325.0 -126.0
324.0 -55.0
-194.0 424.0
483.0 302.0
-252.0 -309.0
-136.0 -132.0
273.0 342.0
-135.0 0.0
-395.0 -103.0
-302.0 159.0
433.0 -229.0
294.0 -12.0
287.0 177.0
-384.0 -241.0
-256.0 424.0
165.0 -267.0
419.0 -496.0
318.0 -470.0
-3.0 141.0
365.0 207.0
-304.0 359.0
-461.0 -366.0
280.0 74.0
-207.0 -293.0
-202.0 5.0
496.0 253.0
-266.0 -212.0
330.0 -86.0
94.0 -364.0
-340.0 -63.0
141.0 -210.0
226.0 -11.0
229.0 8.0
129.0 -363.0
-346.0 -468.0
-54.0 -66.0
-205.0 -40.0
372.0 288.0
-161.0 237.0
-243.0 341.0
241.0 -149.0
-303.0 467.0
-220.0 -36.0
454.0 262.0
-227.0 50.0
403.0 -328.0
201.0 241.0
-247.0 2.0
-246.0 -478.0
55
332.0 461.0
-174.0 94.0
277.0 -300.0
500.0 -275.0
403.0 96.0
-36.0 -495.0
-411.0 -99.0
404.0 250.0
490.0 -455.0
-89.0 -357.0
53.0 -300.0
124.0 -497.0
-15.0 426.0
-338.0 399.0
298.0 173.0
-58.0 -255.0
222.0 -118.0
-446.0 -57.0
222.0 236.0
-314.0 372.0
147.0 287.0
-53.0 281.0
351.0 -131.0
-146.0 -196.0
393.0 209.0
312.0 276.0
218.0 -474.0
352.0 295.0
237.0 56.0
-114.0 -16.0
79.0 177.0
243.0 -11.0
-71.0 -52.0
-148.0 145.0
337.0 -48.0
-121.0 -303.0
-306.0 -365.0
308.0 429.0
-333.0 -40.0
-302.0 293.0
377.0 -8.0
63.0 -41.0
-407.0 -478.0
-55.0 500.0
206.0 112.0
464.0 200.0
-68.0 153.0
384.0 45.0
444.0 -30.0
350.0 397.0
-304.0 -367.0
-10.0 -406.0
230.0 454.0
65.0 -28.0
-269.0 397.0
55
-330.0 -33.0
-8.0 -166.0
-483.0 -67.0
-447.0 225.0
347.0 -169.0
110.0 472.0
80.0 478.0
160.0 486.0
-91.0 -171.0
215.0 204.0
224.0 372.0
160.0 410.0
45.0 -44.0
195.0 409.0
381.0 -403.0
56.0 -426.0
411.0 -388.0
-481.0 349.0
83.0 471.0
213.0 124.0
-374.0 383.0
308.0 417.0
-96.0 165.0
278.0 -122.0
96.0 216.0
-186.0 -315.0
-417.0 -239.0
-349.0 325.0
-130.0 -464.0
474.0 -424.0
-85.0 329.0
-184.0 -79.0
391.0 -25.0
407.0 220.0
110.0 -216.0
-26.0 173.0
-444.0 264.0
-10.0 -119.0
-174.0 -255.0
441.0 53.0
256.0 -418.0
-68.0 -442.0
76.0 254.0
-353.0 80.0
71.0 -107.0
7.0 -26.0
238.0 34.0
258.0 16.0
26.0 186.0
-490.0 358.0
-280.0 18.0
11.0 -52.0
8.0 285.0
379.0 -155.0
257.0 -36.0
55
310.0 128.0
483.0 162.0
49.0 429.0
154.0 221.0
392.0 485.0
-400.0 -139.0
-430.0 300.0
-85.0 -205.0
390.0 -335.0
128.0 167.0
499.0 38.0
209.0 -265.0
117.0 -292.0
-252.0 221.0
305.0 -105.0
145.0 279.0
283.0 54.0
-131.0 -62.0
-147.0 -199.0
-199.0 363.0
150.0 -5.0
301.0 -103.0
-26.0 247.0
-408.0 -298.0
43.0 -152.0
391.0 393.0
162.0 -209.0
-164.0 329.0
495.0 -42.0
-369.0 -351.0
-298.0 -88.0
-153.0 -405.0
6.0 434.0
170.0 207.0
-310.0 466.0
478.0 -285.0
263.0 -54.0
-270.0 492.0
364.0 -459.0
18.0 -393.0
284.0 317.0
-246.0 -96.0
76.0 189.0
-415.0 -83.0
450.0 -143.0
425.0 329.0
-67.0 430.0
-454.0 330.0
-420.0 120.0
-465.0 -391.0
-311.0 384.0
344.0 -198.0
-214.0 -34.0
-41.0 -21.0
-55.0 -498.0
55
380.0 375.0
134.0 -314.0
-273.0 359.0
401.0 -216.0
-151.0 -207.0
177.0 400.0
-354.0 185.0
-285.0 160.0
-23.0 -176.0
96.0 468.0
-56.0 116.0
313.0 -202.0
402.0 -410.0
316.0 461.0
-108.0 -329.0
490.0 -456.0
168.0 471.0
-363.0 -302.0
439.0 2.0
465.0 18.0
461.0 278.0
-2.0 399.0
-358.0 -297.0
-324.0 -191.0
265.0 -251.0
74.0 193.0
262.0 157.0
388.0 131.0
317.0 281.0
18.0 286.0
34.0 422.0
139.0 -473.0
-150.0 -2.0
248.0 82.0
-99.0 349.0
-407.0 271.0
-246.0 -157.0
-240.0 -285.0
-217.0 -456.0
-232.0 414.0
389.0 259.0
-351.0 -239.0
283.0 -192.0
41.0 261.0
100.0 464.0
-329.0 -450.0
-475.0 -175.0
-426.0 -469.0
-224.0 -78.0
318.0 113.0
101.0 -28.0
210.0 -476.0
-411.0 -334.0
77.0 395.0
336.0 -354.0
55
-490.0 100.0
389.0 87.0
-391.0 -427.0
-295.0 -39.0
-193.0 20.0
303.0 -391.0
-31.0 497.0
-268.0 5.0
181.0 -469.0
-127.0 324.0
-147.0 486.0
-184.0 -310.0
164.0 153.0
25.0 -415.0
57.0 -467.0
-71.0 226.0
313.0 30.0
63.0 291.0
-410.0 66.0
187.0 -411.0
-464.0 -290.0
-135.0 419.0
-360.0 465.0
409.0 -233.0
498.0 141.0
-292.0 -23.0
-49.0 476.0
336.0 -174.0
-448.0 -372.0
-335.0 211.0
-312.0 -139.0
-356.0 96.0
281.0 285.0
-314.0 411.0
-443.0 -294.0
268.0 423.0
-374.0 262.0
-413.0 -217.0
-469.0 254.0
-62.0 -297.0
432.0 465.0
-192.0 304.0
61.0 -474.0
18.0 -338.0
236.0 326.0
53.0 -16.0
-136.0 -287.0
-310.0 -196.0
-22.0 -61.0
458.0 249.0
-343.0 -250.0
443.0 199.0
-475.0 165.0
-428.0 191.0
380.0 61.0
55
-500.0 266.0
287.0 135.0
215.0 455.0
-198.0 -359.0
321.0 238.0
437.0 -164.0
-449.0 -262.0
-47.0 205.0
-419.0 93.0
-22.0 67.0
-18.0 103.0
-109.0 -443.0
6.0 345.0
231.0 384.0
-425.0 -351.0
-390.0 250.0
380.0 -96.0
105.0 126.0
318.0 335.0
224.0 75.0
-345.0 248.0
-448.0 396.0
272.0 447.0
389.0 -357.0
24.0 -487.0
-488.0 35.0
-425.0 428.0
258.0 8.0
-356.0 -38.0
114.0 -149.0
53.0 -404.0
401.0 -66.0
83.0 264.0
349.0 -337.0
-158.0 207.0
-390.0 148.0
-32.0 259.0
-453.0 272.0
373.0 230.0
-444.0 80.0
215.0 415.0
-110.0 -126.0
-122.0 -475.0
-295.0 105.0
50.0 -454.0
-310.0 220.0
376.0 183.0
402.0 -131.0
-477.0 69.0
80.0 252.0
82.0 92.0
-465.0 371.0
327.0 -339.0
448.0 -95.0
-460.0 64.0
55
-482.0 -123.0
-414.0 19.0
410.0 -91.0
106.0 -37.0
18.0 -377.0
399.0 304.0
-65.0 -170.0
-110.0 113.0
239.0 41.0
326.0 -173.0
410.0 -59.0
-146.0 -319.0
-297.0 469.0
491.0 -47.0
312.0 264.0
481.0 408.0
-19.0 248.0
100.0 -428.0
-137.0 77.0
-10.0 493.0
-163.0 -403.0
329.0 357.0
-184.0 -307.0
-320.0 -287.0
-59.0 -348.0
90.0 -95.0
-2.0 -214.0
-97.0 -217.0
-425.0 -52.0
334.0 -315.0
-69.0 177.0
-157.0 -92.0
-137.0 -342.0
-144.0 -417.0
-450.0 40.0
-164.0 -422.0
468.0 -58.0
-254.0 -475.0
92.0 326.0
397.0 -101.0
66.0 159.0
406.0 -129.0
-435.0 137.0
-103.0 -266.0
-454.0 -92.0
-401.0 195.0
246.0 3.0
21.0 -185.0
201.0 -481.0
-47.0 419.0
-126.0 -354.0
441.0 221.0
-235.0 167.0
427.0 264.0
432.0 -352.0
55
390.0 -83.0
22.0 -311.0
8.0 -335.0
-194.0 -83.0
-438.0 -7.0
196.0 -398.0
-272.0 -41.0
64.0 -47.0
39.0 3.0
427.0 -414.0
-276.0 488.0
-388.0 -492.0
-433.0 -387.0
262.0 -97.0
-351.0 228.0
-345.0 388.0
128.0 171.0
244.0 -77.0
239.0 -260.0
166.0 294.0
-444.0 -418.0
-157.0 -90.0
234.0 89.0
-214.0 -310.0
319.0 -401.0
-56.0 274.0
381.0 -128.0
-60.0 345.0
-171.0 191.0
315.0 -284.0
78.0 274.0
371.0 -262.0
-55.0 496.0
473.0 205.0
-315.0 178.0
8.0 -329.0
55.0 166.0
314.0 86.0
-308.0 477.0
-158.0 -375.0
-309.0 49.0
319.0 -282.0
-206.0 -395.0
91.0 -429.0
-243.0 -378.0
500.0 246.0
346.0 68.0
269.0 -56.0
-418.0 479.0
-460.0 263.0
-472.0 346.0
-286.0 3.0
8.0 305.0
404.0 -479.0
339.0 -166.0
55
-321.0 -183.0
176.0 64.0
59.0 267.0
174.0 417.0
-335.0 -202.0
-434.0 481.0
148.0 314.0
-448.0 -186.0
-85.0 275.0
-138.0 495.0
320.0 -53.0
368.0 456.0
281.0 150.0
-203.0 -239.0
-315.0 483.0
-472.0 82.0
452.0 412.0
-39.0 -484.0
-38.0 -480.0
-285.0 -135.0
-354.0 -405.0
178.0 -469.0
380.0 -142.0
315.0 -286.0
-145.0 416.0
-122.0 420.0
197.0 -468.0
385.0 311.0
354.0 -441.0
-394.0 -118.0
423.0 105.0
-38.0 136.0
-252.0 -248.0
219.0 127.0
-154.0 -279.0
-127.0 66.0
-203.0 -345.0
-326.0 252.0
417.0 267.0
165.0 463.0
-465.0 -51.0
114.0 44.0
201.0 -164.0
371.0 315.0
206.0 60.0
243.0 -453.0
-346.0 89.0
-308.0 -125.0
310.0 -98.0
-168.0 190.0
-411.0 124.0
200.0 -41.0
-475.0 221.0
-49.0 -400.0
-435.0 -193.0
55
359.0 -213.0
354.0 394.0
291.0 -292.0
-60.0 -324.0
71.0 435.0
223.0 -408.0
-82.0 -402.0
-235.0 491.0
-40.0 -207.0
-65.0 386.0
-427.0 35.0
409.0 129.0
259.0 -437.0
28.0 149.0
-498.0 434.0
-101.0 52.0
-427.0 -320.0
311.0 371.0
253.0 116.0
117.0 127.0
409.0 -32.0
-139.0 -179.0
242.0 -400.0
-223.0 -480.0
-497.0 -247.0
-155.0 -278.0
-179.0 -237.0
-321.0 37.0
-179.0 308.0
146.0 169.0
249.0 -135.0
-473.0 -96.0
269.0 338.0
85.0 -500.0
477.0 -343.0
-281.0 432.0
-132.0 483.0
-416.0 225.0
-215.0 -155.0
275.0 -398.0
-371.0 357.0
-1.0 -128.0
-141.0 -216.0
453.0 332.0
349.0 34.0
114.0 -403.0
97.0 -217.0
-389.0 38.0
457.0 332.0
-372.0 -472.0
-316.0 -348.0
205.0 -279.0
-247.0 80.0
-138.0 472.0
-33.0 -166.0
55
440.0 -128.0
-55.0 -436.0
34.0 -442.0
436.0 116.0
-236.0 -67.0
482.0 -496.0
410.0 419.0
-309.0 -192.0
355.0 43.0
424.0 -171.0
-425.0 -388.0
26.0 482.0
-41.0 68.0
-320.0 359.0
271.0 348.0
-183.0 212.0
-487.0 251.0
-216.0 354.0
-414.0 216.0
-250.0 391.0
287.0 -396.0
397.0 -292.0
48.0 -481.0
60.0 188.0
-215.0 -459.0
-419.0 -220.0
-104.0 276.0
-415.0 -98.0
-100.0 -162.0
91.0 -66.0
-37.0 124.0
-6.0 300.0
-185.0 -492.0
387.0 -169.0
-234.0 26.0
-153.0 362.0
-107.0 -240.0
239.0 -355.0
-409.0 241.0
138.0 -415.0
-197.0 -404.0
-215.0 329.0
68.0 -30.0
299.0 366.0
122.0 51.0
-260.0 -215.0
-52.0 34.0
216.0 -376.0
-317.0 -478.0
21.0 36.0
-269.0 278.0
-69.0 -461.0
-55.0 474.0
-448.0 182.0
133.0 131.0
55
-29.0 -297.0
-395.0 -109.0
220.0 -334.0
251.0 333.0
-400.0 -49.0
-433.0 237.0
-436.0 278.0
-321.0 -52.0
-421.0 -360.0
295.0 -465.0
114.0 171.0
-91.0 346.0
286.0 -36.0
-378.0 -136.0
28.0 213.0
-318.0 287.0
-455.0 9.0
-30.0 -153.0
497.0 110.0
-362.0 295.0
17.0 -433.0
309.0 18.0
-52.0 -150.0
268.0 -377.0
293.0 -124.0
1.0 -65.0
-34.0 325.0
-381.0 416.0
-71.0 493.0
-318.0 -349.0
78.0 322.0
403.0 143.0
-94.0 241.0
-175.0 -478.0
499.0 34.0
57.0 483.0
65.0 143.0
13.0 -306.0
-34.0 -73.0
-497.0 -249.0
-217.0 -233.0
190.0 -487.0
12.0 -399.0
-413.0 -177.0
-165.0 -21.0
-36.0 23.0
340.0 446.0
-51.0 -463.0
-21.0 -116.0
-112.0 -379.0
66.0 19.0
347.0 -357.0
-444.0 -463.0
-464.0 -95.0
224.0 291.0
65
186.0 185.0
-408.0 24.0
410.0 -401.0
-170.0 -301.0
252.0 -105.0
-485.0 437.0
-210.0 458.0
-168.0 -439.0
-485.0 386.0
-356.0 -469.0
-95.0 128.0
360.0 -385.0
306.0 146.0
-244.0 -346.0
-2.0 369.0
-41.0 460.0
-499.0 299.0
74.0 284.0
257.0 446.0
-240.0 326.0
-91.0 244.0
488.0 -313.0
-55.0 -145.0
342.0 -451.0
38.0 430.0
-366.0 416.0
333.0 -279.0
473.0 38.0
-324.0 -212.0
144.0 -86.0
-401.0 384.0
-313.0 138.0
364.0 -100.0
480.0 260.0
-20.0 202.0
-40.0 228.0
-148.0 -120.0
-85.0 223.0
114.0 -231.0
235.0 125.0
-256.0 -298.0
-322.0 248.0
483.0 136.0
57.0 -358.0
-392.0 -250.0
-110.0 384.0
-330.0 19.0
-449.0 -122.0
-411.0 389.0
-6.0 142.0
-252.0 -475.0
-471.0 -497.0
0.0 477.0
-94.0 47.0
45.0 160.0
323.0 296.0
470.0 236.0
336.0 197.0
142.0 327.0
-391.0 -464.0
346.0 -144.0
436.0 -53.0
-54.0 -155.0
189.0 208.0
282.0 -388.0
