24
41
-109.0 290.0
471.0 -19.0
-308.0 -61.0
-289.0 -261.0
-392.0 180.0
-257.0 313.0
-372.0 210.0
41.0 168.0
-355.0 -187.0
-459.0 358.0
-245.0 -326.0
139.0 247.0
33.0 -308.0
-488.0 14.0
-116.0 -91.0
109.0 368.0
93.0 390.0
-97.0 262.0
-343.0 -125.0
-53.0 500.0
-149.0 483.0
-457.0 -276.0
233.0 319.0
-448.0 360.0
-354.0 46.0
136.0 140.0
-352.0 -315.0
321.0 -424.0
-299.0 -377.0
-162.0 281.0
413.0 232.0
-375.0 71.0
-269.0 422.0
-470.0 334.0
466.0 423.0
0.0 232.0
305.0 -162.0
83.0 -152.0
-269.0 35.0
-299.0 -241.0
-201.0 -435.0
41
374.0 -238.0
95.0 -465.0
-170.0 241.0
-397.0 14.0
-112.0 -104.0
-269.0 447.0
179.0 148.0
235.0 -92.0
-195.0 -298.0
-332.0 225.0
-408.0 -370.0
381.0 -494.0
-7.0 442.0
374.0 -284.0
495.0 27.0
397.0 -14.0
-34.0 155.0
245.0 276.0
-374.0 297.0
-479.0 321.0
-244.0 452.0
-423.0 131.0
-219.0 416.0
-405.0 -142.0
76.0 -323.0
-28.0 186.0
-132.0 209.0
491.0 96.0
-482.0 -320.0
-71.0 134.0
462.0 93.0
-483.0 493.0
-135.0 166.0
44.0 -220.0
79.0 272.0
-440.0 -182.0
49.0 -433.0
-212.0 -382.0
-244.0 -110.0
353.0 268.0
-223.0 114.0
41
-291.0 386.0
-278.0 -213.0
-44.0 275.0
22.0 -258.0
-153.0 -285.0
291.0 281.0
186.0 -432.0
147.0 -108.0
-209.0 282.0
-137.0 441.0
-260.0 323.0
-200.0 -164.0
147.0 373.0
153.0 241.0
315.0 -357.0
-264.0 145.0
-289.0 -389.0
-432.0 303.0
-393.0 84.0
-200.0 411.0
-139.0 -476.0
-400.0 169.0
-161.0 146.0
324.0 -203.0
-23.0 411.0
-63.0 225.0
135.0 -55.0
-363.0 -460.0
341.0 249.0
34.0 444.0
-251.0 -424.0
204.0 287.0
89.0 -441.0
492.0 -432.0
164.0 127.0
63.0 111.0
-491.0 -246.0
198.0 396.0
225.0 -129.0
-87.0 465.0
97.0 390.0
41
-206.0 287.0
85.0 143.0
-121.0 3.0
-283.0 180.0
-333.0 312.0
-268.0 -448.0
439.0 -323.0
65.0 -134.0
-335.0 122.0
-8.0 299.0
92.0 85.0
-445.0 -222.0
-365.0 -179.0
443.0 6.0
355.0 -143.0
-183.0 -206.0
92.0 112.0
-299.0 341.0
407.0 -223.0
-478.0 -330.0
445.0 -471.0
471.0 46.0
-253.0 -216.0
299.0 -491.0
-207.0 465.0
484.0 140.0
-58.0 435.0
-499.0 492.0
251.0 -57.0
335.0 -255.0
-121.0 -482.0
-269.0 194.0
192.0 53.0
-131.0 -376.0
-117.0 -308.0
105.0 405.0
384.0 -286.0
305.0 470.0
-339.0 77.0
-419.0 20.0
490.0 -437.0
41
420.0 -474.0
14.0 309.0
299.0 293.0
342.0 -92.0
413.0 -344.0
411.0 392.0
154.0 93.0
218.0 29.0
355.0 -147.0
-126.0 -316.0
435.0 150.0
-485.0 287.0
279.0 -207.0
427.0 -379.0
-194.0 249.0
377.0 53.0
-345.0 268.0
-456.0 -40.0
125.0 197.0
128.0 367.0
-255.0 -111.0
-189.0 326.0
-177.0 156.0
-133.0 -482.0
191.0 434.0
21.0 -302.0
208.0 -272.0
-293.0 -159.0
208.0 -52.0
264.0 46.0
283.0 -228.0
-396.0 -160.0
-428.0 -106.0
211.0 249.0
-436.0 -412.0
265.0 410.0
314.0 459.0
79.0 -440.0
-217.0 41.0
376.0 138.0
-140.0 318.0
41
33.0 -239.0
-181.0 161.0
-324.0 -72.0
38.0 484.0
-179.0 185.0
-262.0 -464.0
-394.0 31.0
-169.0 211.0
-347.0 -40.0
-107.0 341.0
180.0 -348.0
93.0 -419.0
198.0 -111.0
-119.0 356.0
-29.0 -325.0
146.0 406.0
-191.0 -335.0
438.0 114.0
-38.0 185.0
-48.0 -331.0
-176.0 250.0
486.0 -66.0
-269.0 -55.0
431.0 -290.0
-441.0 452.0
70.0 -45.0
439.0 -222.0
353.0 -433.0
-288.0 281.0
358.0 145.0
445.0 461.0
315.0 -274.0
237.0 208.0
-431.0 271.0
-115.0 -112.0
-304.0 288.0
368.0 -482.0
216.0 23.0
-254.0 248.0
-380.0 87.0
-472.0 227.0
41
178.0 142.0
110.0 375.0
167.0 -93.0
249.0 -292.0
-262.0 435.0
486.0 436.0
497.0 98.0
256.0 -335.0
-112.0 396.0
217.0 -78.0
-284.0 474.0
388.0 -201.0
-427.0 413.0
-109.0 434.0
-431.0 143.0
-313.0 -410.0
-184.0 -361.0
222.0 143.0
-295.0 280.0
-466.0 -6.0
63.0 -288.0
252.0 394.0
-318.0 -352.0
397.0 251.0
-475.0 326.0
137.0 199.0
414.0 -296.0
189.0 -399.0
-273.0 280.0
254.0 311.0
-245.0 -486.0
-194.0 313.0
-49.0 209.0
-490.0 -48.0
378.0 -335.0
-90.0 366.0
367.0 363.0
418.0 389.0
157.0 -108.0
-67.0 -133.0
-439.0 -128.0
41
-430.0 399.0
279.0 -394.0
97.0 413.0
81.0 -477.0
62.0 198.0
489.0 -124.0
-481.0 -154.0
-365.0 450.0
-366.0 383.0
-479.0 323.0
291.0 -413.0
137.0 -414.0
-271.0 438.0
16.0 -334.0
77.0 247.0
-157.0 -1.0
-458.0 -58.0
106.0 -148.0
-454.0 497.0
126.0 322.0
-152.0 67.0
-412.0 -491.0
-300.0 -430.0
-19.0 -130.0
386.0 -382.0
126.0 -248.0
6.0 328.0
272.0 -126.0
46.0 290.0
-357.0 -165.0
-218.0 94.0
468.0 -167.0
-75.0 -388.0
282.0 215.0
296.0 -365.0
491.0 145.0
219.0 200.0
360.0 -284.0
-198.0 -328.0
-52.0 230.0
332.0 -61.0
41
237.0 274.0
252.0 311.0
33.0 -25.0
-392.0 446.0
412.0 -364.0
-310.0 180.0
106.0 57.0
-146.0 209.0
232.0 93.0
-407.0 251.0
330.0 -267.0
-1.0 -213.0
411.0 -468.0
37.0 40.0
311.0 464.0
70.0 156.0
-424.0 -246.0
-498.0 273.0
-52.0 -302.0
-146.0 -44.0
206.0 -187.0
42.0 -323.0
-322.0 110.0
313.0 402.0
453.0 -98.0
-14.0 13.0
316.0 439.0
325.0 1.0
-382.0 -72.0
-436.0 -209.0
-302.0 420.0
-465.0 -454.0
-434.0 43.0
-348.0 318.0
-486.0 -102.0
-263.0 -152.0
-451.0 347.0
425.0 141.0
384.0 148.0
31.0 -388.0
428.0 -342.0
41
132.0 -154.0
229.0 359.0
350.0 424.0
-220.0 -4.0
-264.0 366.0
-68.0 309.0
494.0 304.0
186.0 154.0
-368.0 -255.0
289.0 -460.0
-391.0 365.0
488.0 -210.0
181.0 -491.0
-20.0 -209.0
113.0 -442.0
4.0 88.0
-138.0 69.0
243.0 -9.0
279.0 -250.0
-204.0 -11.0
345.0 -133.0
264.0 -13.0
-149.0 -497.0
-18.0 359.0
-190.0 500.0
139.0 -154.0
-224.0 -117.0
253.0 478.0
-363.0 -323.0
328.0 -8.0
81.0 -31.0
4.0 -172.0
-231.0 174.0
85.0 87.0
-221.0 384.0
288.0 -232.0
325.0 -220.0
367.0 -436.0
92.0 -341.0
-327.0 -62.0
-7.0 -442.0
41
-475.0 -404.0
-102.0 321.0
-150.0 -226.0
269.0 -121.0
-490.0 217.0
-157.0 -464.0
-195.0 -364.0
190.0 456.0
-483.0 78.0
-2.0 -93.0
93.0 213.0
121.0 -175.0
-54.0 -413.0
73.0 -346.0
350.0 -467.0
284.0 -458.0
-231.0 306.0
-244.0 285.0
-195.0 -100.0
402.0 -147.0
444.0 -252.0
-333.0 -453.0
449.0 173.0
259.0 264.0
-253.0 -200.0
-353.0 -457.0
139.0 204.0
199.0 204.0
331.0 228.0
314.0 193.0
-487.0 396.0
236.0 143.0
134.0 142.0
178.0 -220.0
-245.0 469.0
-192.0 -329.0
-403.0 303.0
175.0 -296.0
210.0 -305.0
-422.0 354.0
-136.0 244.0
41
-228.0 -82.0
388.0 340.0
-399.0 -485.0
148.0 445.0
-341.0 463.0
91.0 -315.0
335.0 -251.0
-263.0 266.0
78.0 -235.0
448.0 -59.0
-398.0 -422.0
365.0 5.0
-208.0 -44.0
-496.0 -201.0
198.0 3.0
-31.0 -336.0
338.0 -234.0
113.0 -328.0
30.0 -175.0
-90.0 -380.0
-179.0 166.0
-240.0 -161.0
296.0 131.0
127.0 -219.0
-162.0 -78.0
-441.0 -245.0
-57.0 196.0
240.0 -250.0
299.0 367.0
-257.0 -465.0
127.0 5.0
-448.0 355.0
-157.0 469.0
323.0 -184.0
214.0 -273.0
-165.0 -245.0
-247.0 -399.0
-457.0 58.0
387.0 12.0
206.0 445.0
-300.0 -2.0
41
-372.0 236.0
-483.0 -119.0
16.0 -315.0
60.0 212.0
-251.0 175.0
3.0 269.0
128.0 308.0
36.0 -170.0
411.0 127.0
-206.0 170.0
-49.0 -369.0
126.0 -164.0
326.0 312.0
425.0 459.0
-381.0 -41.0
-406.0 499.0
499.0 280.0
-350.0 -397.0
257.0 -70.0
225.0 -414.0
274.0 -332.0
-164.0 295.0
-291.0 453.0
-278.0 -59.0
293.0 426.0
-113.0 -360.0
-94.0 -28.0
-351.0 -427.0
-337.0 -364.0
409.0 489.0
244.0 -464.0
433.0 -50.0
342.0 73.0
141.0 -395.0
111.0 428.0
-417.0 -456.0
-242.0 -476.0
-93.0 -198.0
314.0 -428.0
-363.0 173.0
-395.0 403.0
41
-150.0 -473.0
157.0 126.0
-125.0 -82.0
265.0 -297.0
-500.0 248.0
-98.0 50.0
-468.0 -242.0
182.0 333.0
-356.0 -435.0
-4.0 -138.0
-458.0 -258.0
-318.0 223.0
124.0 -317.0
-224.0 243.0
378.0 -478.0
75.0 -282.0
269.0 62.0
-258.0 125.0
143.0 -172.0
157.0 -72.0
-99.0 178.0
346.0 454.0
-336.0 -222.0
229.0 -455.0
230.0 -454.0
-295.0 103.0
400.0 -69.0
-329.0 -114.0
156.0 -268.0
281.0 -4.0
-218.0 -96.0
263.0 322.0
-16.0 415.0
249.0 29.0
-357.0 296.0
-334.0 -320.0
-21.0 64.0
-463.0 -284.0
212.0 -51.0
-272.0 -25.0
109.0 -158.0
41
89.0 17.0
177.0 268.0
-262.0 281.0
397.0 -298.0
-408.0 343.0
-222.0 428.0
-280.0 401.0
-108.0 491.0
-430.0 -497.0
-170.0 82.0
25.0 191.0
295.0 -394.0
-104.0 -272.0
-23.0 243.0
68.0 51.0
471.0 -168.0
-3.0 -104.0
-83.0 -401.0
437.0 -31.0
24.0 438.0
377.0 -357.0
437.0 -227.0
-338.0 148.0
400.0 225.0
-233.0 130.0
-484.0 472.0
-292.0 -41.0
44.0 194.0
209.0 153.0
-449.0 393.0
254.0 -172.0
-310.0 424.0
173.0 76.0
451.0 -15.0
-385.0 -348.0
-426.0 347.0
155.0 -75.0
19.0 -147.0
-31.0 8.0
-447.0 -18.0
466.0 -494.0
41
70.0 362.0
-73.0 295.0
-386.0 326.0
-8.0 363.0
97.0 -236.0
408.0 452.0
372.0 285.0
342.0 427.0
102.0 -445.0
-463.0 -330.0
-457.0 394.0
-39.0 -331.0
-296.0 -353.0
-351.0 -467.0
234.0 -468.0
-400.0 149.0
-102.0 365.0
-296.0 -229.0
29.0 -189.0
43.0 291.0
-150.0 -233.0
-365.0 -477.0
209.0 -361.0
-442.0 -360.0
240.0 230.0
299.0 -248.0
-43.0 -26.0
91.0 118.0
-71.0 500.0
222.0 -240.0
92.0 -493.0
-193.0 -134.0
444.0 -143.0
496.0 483.0
-37.0 130.0
369.0 -303.0
-191.0 -251.0
151.0 -122.0
-105.0 -498.0
-177.0 300.0
462.0 -72.0
41
460.0 169.0
-183.0 -363.0
-134.0 144.0
-132.0 330.0
-493.0 60.0
318.0 289.0
-59.0 251.0
2.0 -19.0
315.0 223.0
-352.0 34.0
-390.0 -427.0
-243.0 -215.0
-83.0 171.0
118.0 451.0
494.0 -233.0
249.0 -132.0
-119.0 -98.0
290.0 56.0
-413.0 158.0
-371.0 -326.0
147.0 -20.0
-257.0 -42.0
412.0 -269.0
236.0 393.0
-38.0 20.0
-388.0 -355.0
230.0 423.0
92.0 -273.0
-119.0 68.0
-189.0 69.0
387.0 202.0
499.0 -483.0
-239.0 -154.0
215.0 75.0
124.0 -125.0
-344.0 483.0
-14.0 -485.0
-485.0 -286.0
-182.0 -318.0
-494.0 -328.0
407.0 321.0
41
28.0 -440.0
134.0 322.0
-14.0 274.0
-80.0 406.0
-160.0 -161.0
-359.0 -494.0
193.0 364.0
-51.0 -218.0
309.0 96.0
83.0 -470.0
-227.0 364.0
175.0 383.0
-299.0 253.0
-309.0 208.0
-384.0 351.0
-96.0 -118.0
-230.0 -132.0
-293.0 -383.0
281.0 247.0
-89.0 166.0
-318.0 -57.0
-334.0 474.0
149.0 31.0
260.0 193.0
175.0 319.0
393.0 -125.0
-81.0 428.0
309.0 411.0
388.0 -470.0
456.0 -63.0
-396.0 365.0
253.0 307.0
-125.0 416.0
378.0 284.0
-76.0 469.0
-368.0 247.0
157.0 280.0
321.0 107.0
-317.0 -32.0
-426.0 449.0
-49.0 346.0
41
-262.0 93.0
-200.0 -361.0
-476.0 391.0
262.0 -451.0
-169.0 -317.0
333.0 -221.0
-201.0 144.0
481.0 374.0
51.0 323.0
-396.0 -96.0
-80.0 156.0
64.0 -28.0
-481.0 -424.0
-72.0 449.0
-485.0 310.0
-107.0 261.0
-91.0 -489.0
-205.0 228.0
-55.0 -46.0
-365.0 71.0
209.0 267.0
-496.0 -263.0
-7.0 453.0
484.0 42.0
127.0 -16.0
-325.0 -129.0
203.0 49.0
-434.0 -240.0
-112.0 -44.0
490.0 41.0
329.0 197.0
383.0 66.0
-87.0 -357.0
-36.0 241.0
-316.0 407.0
-249.0 40.0
299.0 -79.0
167.0 -438.0
396.0 493.0
299.0 95.0
-298.0 -195.0
41
33.0 -53.0
26.0 -234.0
-165.0 20.0
306.0 -291.0
-482.0 -42.0
-317.0 -322.0
-2.0 -77.0
-55.0 -40.0
111.0 73.0
-403.0 72.0
396.0 -302.0
20.0 276.0
-448.0 -122.0
-166.0 185.0
-178.0 189.0
-192.0 189.0
-269.0 -220.0
-107.0 -107.0
259.0 -226.0
498.0 -152.0
-438.0 -168.0
-11.0 -45.0
-65.0 394.0
500.0 -276.0
491.0 137.0
-344.0 -66.0
274.0 285.0
291.0 351.0
-61.0 408.0
-73.0 288.0
39.0 -36.0
192.0 -109.0
337.0 -27.0
85.0 -147.0
-55.0 7.0
210.0 260.0
-343.0 -161.0
82.0 -372.0
237.0 118.0
-60.0 265.0
-246.0 297.0
41
246.0 -5.0
241.0 272.0
455.0 498.0
-91.0 453.0
385.0 137.0
164.0 -173.0
192.0 -52.0
-345.0 0.0
221.0 463.0
-443.0 209.0
-443.0 6.0
90.0 393.0
-414.0 380.0
-381.0 414.0
200.0 405.0
245.0 -360.0
258.0 116.0
-209.0 -81.0
-241.0 290.0
-253.0 -462.0
189.0 81.0
-105.0 161.0
-368.0 424.0
-236.0 261.0
-204.0 114.0
-374.0 339.0
214.0 -118.0
180.0 -63.0
36.0 -388.0
-463.0 -82.0
-461.0 271.0
313.0 -178.0
-454.0 29.0
405.0 -58.0
-136.0 102.0
-112.0 127.0
29.0 -223.0
262.0 -368.0
-420.0 419.0
-121.0 372.0
14.0 -237.0
41
-30.0 -110.0
-321.0 134.0
287.0 -345.0
228.0 67.0
-68.0 320.0
57.0 154.0
221.0 -443.0
-482.0 458.0
403.0 -301.0
81.0 493.0
324.0 433.0
462.0 -217.0
194.0 -212.0
121.0 -143.0
-18.0 197.0
-449.0 -387.0
281.0 333.0
-59.0 37.0
-65.0 -178.0
-292.0 -319.0
224.0 17.0
16.0 78.0
-245.0 -278.0
-480.0 402.0
109.0 -261.0
338.0 -131.0
482.0 471.0
-445.0 85.0
67.0 -182.0
-385.0 -54.0
-303.0 337.0
-121.0 -90.0
-171.0 -479.0
-262.0 -446.0
464.0 -96.0
-131.0 -475.0
81.0 293.0
474.0 499.0
125.0 376.0
143.0 -322.0
-103.0 -129.0
41
-257.0 297.0
-39.0 249.0
187.0 -76.0
-21.0 -395.0
-484.0 416.0
-184.0 -478.0
-185.0 439.0
-56.0 172.0
138.0 -133.0
18.0 -456.0
-127.0 -327.0
340.0 -345.0
-198.0 309.0
-371.0 -348.0
240.0 411.0
-286.0 134.0
385.0 -444.0
-102.0 -56.0
63.0 328.0
46.0 -120.0
390.0 159.0
-63.0 -247.0
-482.0 -318.0
36.0 -176.0
-72.0 366.0
-267.0 -29.0
85.0 -214.0
431.0 -17.0
-217.0 -386.0
-449.0 -88.0
177.0 -422.0
343.0 -409.0
-204.0 340.0
-451.0 174.0
-372.0 -42.0
-38.0 295.0
-364.0 -467.0
-1.0 -70.0
481.0 262.0
106.0 28.0
-352.0 -344.0
57
-82.0 -151.0
-415.0 24.0
-300.0 -198.0
360.0 -404.0
-401.0 -166.0
-326.0 283.0
-492.0 -15.0
26.0 -154.0
237.0 100.0
-58.0 -49.0
-404.0 74.0
182.0 414.0
59.0 474.0
-208.0 -144.0
-231.0 -145.0
-377.0 44.0
-448.0 -67.0
374.0 152.0
-343.0 58.0
-119.0 94.0
326.0 -291.0
205.0 84.0
-264.0 -123.0
-413.0 -307.0
-386.0 201.0
448.0 190.0
-426.0 -166.0
-61.0 -380.0
140.0 -366.0
200.0 -453.0
-1.0 171.0
408.0 -426.0
78.0 171.0
-344.0 494.0
23.0 338.0
-493.0 80.0
-74.0 -318.0
-473.0 -462.0
-331.0 244.0
389.0 201.0
262.0 -140.0
-209.0 -181.0
272.0 32.0
281.0 436.0
-242.0 441.0
295.0 275.0
111.0 -5.0
27.0 -223.0
-244.0 -170.0
-439.0 -234.0
-304.0 -357.0
-408.0 -350.0
-427.0 394.0
-183.0 -295.0
497.0 452.0
149.0 -328.0
-99.0 -407.0
