3
33
344.0 -405.0
229.0 -98.0
-165.0 -297.0
-340.0 176.0
-223.0 -210.0
-218.0 -12.0
-227.0 261.0
-391.0 -219.0
-388.0 276.0
-112.0 -3.0
335.0 97.0
-225.0 216.0
434.0 -312.0
404.0 457.0
-228.0 -72.0
141.0 152.0
-81.0 -413.0
276.0 -214.0
-431.0 493.0
-177.0 -403.0
-277.0 -381.0
-34.0 442.0
377.0 -327.0
-369.0 -428.0
-13.0 -220.0
126.0 176.0
-218.0 -410.0
23.0 265.0
-192.0 138.0
97.0 9.0
45.0 260.0
384.0 463.0
385.0 258.0
33
-120.0 18.0
-250.0 -373.0
-188.0 -38.0
-196.0 -188.0
-141.0 -111.0
-271.0 -396.0
13.0 -331.0
-138.0 305.0
351.0 -84.0
64.0 -230.0
193.0 -420.0
388.0 -412.0
-40.0 376.0
-13.0 -441.0
-51.0 -230.0
-22.0 -453.0
-14.0 -156.0
129.0 -485.0
26.0 -246.0
-166.0 69.0
-194.0 -409.0
-17.0 -398.0
-198.0 360.0
-195.0 2.0
-18.0 153.0
-280.0 -383.0
225.0 -388.0
380.0 -152.0
95.0 -440.0
194.0 458.0
90.0 273.0
-225.0 -141.0
126.0 481.0
34
-393.0 -6.0
-474.0 286.0
165.0 -193.0
-415.0 437.0
-383.0 161.0
169.0 341.0
-451.0 451.0
478.0 479.0
38.0 427.0
340.0 58.0
-320.0 -429.0
-252.0 -106.0
-59.0 321.0
57.0 -196.0
-293.0 -363.0
13.0 -29.0
-15.0 159.0
30.0 487.0
307.0 -334.0
292.0 -321.0
-333.0 42.0
361.0 -384.0
408.0 16.0
60.0 -482.0
-457.0 499.0
-81.0 -31.0
260.0 456.0
-22.0 -122.0
475.0 -62.0
-160.0 187.0
263.0 -182.0
-127.0 496.0
455.0 -353.0
-260.0 96.0
