3
333
287.0 -167.0
-131.0 -95.0
-408.0 -124.0
-335.0 -99.0
-56.0 144.0
455.0 -23.0
-375.0 -459.0
247.0 131.0
-216.0 -121.0
-96.0 406.0
265.0 -417.0
-274.0 343.0
-281.0 500.0
437.0 -336.0
47.0 363.0
-137.0 -264.0
454.0 -130.0
398.0 182.0
-97.0 -281.0
156.0 -452.0
186.0 107.0
358.0 -111.0
-89.0 248.0
348.0 -410.0
-390.0 199.0
-198.0 -251.0
-351.0 -243.0
3.0 279.0
-403.0 383.0
-128.0 356.0
322.0 93.0
76.0 -412.0
-491.0 -99.0
171.0 117.0
-310.0 -299.0
55.0 432.0
-45.0 -479.0
347.0 -112.0
-390.0 -365.0
485.0 279.0
-88.0 -171.0
111.0 18.0
110.0 382.0
-474.0 -349.0
-352.0 -339.0
-407.0 19.0
459.0 435.0
126.0 392.0
-177.0 472.0
37.0 -452.0
88.0 469.0
-264.0 -319.0
-345.0 392.0
131.0 210.0
-494.0 -38.0
-74.0 -74.0
-269.0 157.0
-144.0 216.0
-355.0 58.0
-240.0 -109.0
287.0 159.0
-342.0 -402.0
-232.0 -308.0
35.0 -187.0
-135.0 -400.0
-175.0 -187.0
17.0 -72.0
-326.0 -417.0
-265.0 -34.0
272.0 73.0
-290.0 164.0
-289.0 335.0
372.0 -351.0
292.0 -167.0
-14.0 269.0
-237.0 -49.0
65.0 -54.0
-188.0 -205.0
382.0 112.0
-418.0 -92.0
225.0 -288.0
-206.0 456.0
-92.0 -156.0
418.0 131.0
230.0 -424.0
296.0 -91.0
-35.0 -151.0
-172.0 205.0
32.0 -382.0
231.0 -388.0
107.0 -396.0
-271.0 -125.0
218.0 19.0
-84.0 -316.0
102.0 290.0
336.0 237.0
171.0 -489.0
4.0 324.0
-121.0 -366.0
-188.0 335.0
142.0 468.0
-480.0 -209.0
105.0 407.0
-67.0 147.0
-24.0 290.0
-292.0 155.0
215.0 448.0
186.0 -445.0
-355.0 119.0
463.0 472.0
-459.0 -194.0
121.0 -434.0
317.0 298.0
215.0 -358.0
6.0 -221.0
-131.0 -349.0
215.0 -58.0
445.0 -95.0
212.0 -402.0
-473.0 287.0
288.0 -454.0
-391.0 63.0
426.0 57.0
33.0 -135.0
-401.0 -23.0
-124.0 273.0
180.0 -443.0
-488.0 -312.0
-400.0 -16.0
329.0 -315.0
-17.0 290.0
485.0 -130.0
-380.0 -229.0
363.0 71.0
200.0 -464.0
458.0 264.0
-14.0 -245.0
-155.0 -235.0
481.0 322.0
-199.0 295.0
-493.0 215.0
-323.0 211.0
-387.0 5.0
391.0 -54.0
-397.0 385.0
271.0 70.0
486.0 449.0
-251.0 265.0
-424.0 -107.0
-76.0 461.0
-216.0 358.0
-429.0 -92.0
-478.0 490.0
449.0 -168.0
-497.0 194.0
44.0 -418.0
-92.0 90.0
-283.0 -497.0
239.0 53.0
-325.0 -177.0
-268.0 373.0
48.0 -65.0
242.0 326.0
-56.0 275.0
342.0 231.0
339.0 -178.0
-398.0 -347.0
-478.0 149.0
-225.0 -346.0
-427.0 418.0
426.0 235.0
248.0 229.0
103.0 334.0
392.0 -277.0
469.0 388.0
38.0 -383.0
409.0 -69.0
-12.0 432.0
-56.0 -47.0
-106.0 -381.0
374.0 108.0
-286.0 211.0
384.0 -154.0
-102.0 165.0
46.0 -35.0
49.0 -380.0
-77.0 186.0
202.0 76.0
-371.0 230.0
280.0 -400.0
76.0 419.0
191.0 -212.0
138.0 -22.0
492.0 361.0
180.0 101.0
478.0 252.0
6.0 311.0
442.0 150.0
-261.0 81.0
194.0 -194.0
-447.0 119.0
-485.0 273.0
165.0 -70.0
-278.0 249.0
-464.0 -57.0
294.0 -23.0
102.0 475.0
-248.0 97.0
119.0 173.0
412.0 3.0
-322.0 -185.0
326.0 94.0
-468.0 84.0
-193.0 -241.0
-369.0 -154.0
-135.0 281.0
-310.0 193.0
-412.0 299.0
388.0 -39.0
456.0 -316.0
315.0 299.0
58.0 -130.0
242.0 -476.0
-142.0 91.0
-105.0 -424.0
-216.0 426.0
344.0 384.0
-75.0 -108.0
-31.0 47.0
159.0 239.0
360.0 13.0
83.0 -260.0
-432.0 -120.0
-20.0 -5.0
-349.0 -240.0
342.0 257.0
-448.0 -8.0
392.0 426.0
-418.0 372.0
344.0 10.0
-2.0 53.0
-169.0 -6.0
-194.0 -247.0
-409.0 -166.0
201.0 368.0
175.0 -68.0
325.0 -462.0
408.0 476.0
150.0 -370.0
-346.0 218.0
362.0 158.0
-6.0 119.0
403.0 -304.0
314.0 148.0
439.0 -394.0
437.0 41.0
399.0 70.0
283.0 -134.0
176.0 478.0
161.0 102.0
-255.0 -366.0
-342.0 -484.0
71.0 201.0
-294.0 286.0
367.0 491.0
-137.0 492.0
277.0 -317.0
456.0 -153.0
315.0 -174.0
-44.0 499.0
-488.0 -278.0
-432.0 437.0
-32.0 1.0
-165.0 179.0
-66.0 -291.0
-72.0 8.0
365.0 -116.0
308.0 460.0
-276.0 75.0
-392.0 -270.0
-11.0 -71.0
128.0 -454.0
-267.0 -354.0
-231.0 -105.0
122.0 -474.0
283.0 -114.0
113.0 -218.0
-89.0 156.0
344.0 -382.0
309.0 -19.0
59.0 405.0
312.0 -499.0
56.0 -33.0
-5.0 -235.0
237.0 -488.0
-194.0 -272.0
5.0 -272.0
-262.0 -364.0
220.0 5.0
168.0 170.0
-4.0 454.0
105.0 -401.0
210.0 -397.0
53.0 367.0
123.0 444.0
317.0 -221.0
192.0 -464.0
377.0 -139.0
355.0 -474.0
20.0 139.0
42.0 -165.0
460.0 -265.0
373.0 -441.0
-133.0 46.0
-9.0 248.0
-232.0 262.0
230.0 -227.0
139.0 -417.0
320.0 -39.0
-72.0 -242.0
379.0 66.0
428.0 -329.0
311.0 -56.0
394.0 478.0
-135.0 -472.0
-30.0 -259.0
49.0 401.0
491.0 -219.0
61.0 413.0
-16.0 -73.0
137.0 79.0
190.0 73.0
339.0 -8.0
333
-417.0 62.0
319.0 -371.0
-44.0 -409.0
432.0 497.0
122.0 -440.0
-320.0 -264.0
-213.0 -45.0
-448.0 -195.0
-475.0 -14.0
118.0 155.0
-319.0 -193.0
447.0 -392.0
-111.0 325.0
-29.0 416.0
-312.0 -460.0
234.0 35.0
-330.0 340.0
-392.0 131.0
-93.0 229.0
-140.0 -157.0
95.0 -348.0
-64.0 428.0
-482.0 -449.0
437.0 465.0
277.0 67.0
-347.0 -78.0
467.0 314.0
-143.0 284.0
265.0 55.0
-338.0 -345.0
-111.0 -406.0
395.0 -285.0
-424.0 -484.0
73.0 -301.0
435.0 93.0
165.0 -435.0
288.0 -440.0
-343.0 -323.0
237.0 -2.0
190.0 -17.0
18.0 -66.0
-485.0 -342.0
477.0 -312.0
-228.0 322.0
-5.0 7.0
-125.0 -434.0
51.0 74.0
-497.0 -382.0
81.0 -16.0
282.0 -430.0
256.0 -179.0
-192.0 458.0
25.0 92.0
93.0 -213.0
-151.0 -267.0
58.0 -207.0
282.0 -162.0
298.0 -186.0
191.0 -394.0
247.0 279.0
-425.0 403.0
-130.0 47.0
229.0 173.0
314.0 -39.0
-427.0 165.0
-171.0 -129.0
462.0 -320.0
298.0 -121.0
-363.0 -212.0
212.0 250.0
425.0 -381.0
140.0 -363.0
-335.0 71.0
-26.0 219.0
262.0 377.0
-456.0 296.0
-131.0 -171.0
250.0 147.0
348.0 -137.0
-189.0 -23.0
-178.0 -448.0
128.0 146.0
14.0 314.0
432.0 -357.0
369.0 146.0
-324.0 -494.0
-272.0 -34.0
479.0 400.0
83.0 -164.0
-383.0 -406.0
24.0 161.0
-178.0 -295.0
-117.0 85.0
-234.0 -371.0
-267.0 -406.0
-217.0 -215.0
479.0 308.0
-209.0 336.0
373.0 -146.0
483.0 7.0
-313.0 -409.0
296.0 478.0
171.0 -338.0
-438.0 182.0
-420.0 -135.0
345.0 208.0
55.0 -375.0
258.0 -378.0
-2.0 40.0
-225.0 -499.0
-315.0 287.0
-259.0 32.0
245.0 328.0
-338.0 -251.0
460.0 55.0
478.0 460.0
-453.0 138.0
-289.0 -415.0
-144.0 88.0
485.0 -462.0
-4.0 362.0
-296.0 249.0
-393.0 -61.0
476.0 227.0
-62.0 -473.0
-475.0 234.0
203.0 -91.0
190.0 331.0
-439.0 223.0
-305.0 446.0
-399.0 -309.0
-337.0 -214.0
-221.0 -352.0
-212.0 90.0
186.0 115.0
227.0 -341.0
423.0 15.0
204.0 85.0
-115.0 -67.0
-372.0 100.0
165.0 -352.0
397.0 96.0
469.0 -416.0
387.0 -162.0
273.0 402.0
-192.0 -178.0
126.0 72.0
55.0 -405.0
-271.0 384.0
17.0 94.0
-500.0 291.0
497.0 464.0
-95.0 435.0
230.0 -350.0
404.0 -428.0
-303.0 187.0
-478.0 253.0
60.0 118.0
-164.0 366.0
379.0 -48.0
334.0 -156.0
146.0 -465.0
71.0 -480.0
454.0 66.0
-66.0 249.0
-241.0 215.0
269.0 -442.0
-63.0 424.0
143.0 313.0
-369.0 16.0
-121.0 412.0
-65.0 362.0
-237.0 286.0
345.0 231.0
130.0 -268.0
148.0 -400.0
-413.0 -200.0
361.0 -365.0
-203.0 344.0
-175.0 -381.0
291.0 -229.0
-249.0 -295.0
-236.0 -72.0
124.0 -158.0
149.0 186.0
-472.0 -145.0
-6.0 443.0
426.0 203.0
351.0 -284.0
488.0 -185.0
234.0 414.0
38.0 -264.0
111.0 -270.0
5.0 102.0
-296.0 -170.0
-338.0 406.0
-271.0 -457.0
-245.0 177.0
-152.0 398.0
78.0 -231.0
361.0 -152.0
47.0 -143.0
213.0 -219.0
26.0 239.0
-339.0 234.0
108.0 493.0
-37.0 77.0
352.0 261.0
321.0 -281.0
-349.0 -169.0
-79.0 374.0
-466.0 -103.0
-405.0 427.0
-3.0 229.0
469.0 344.0
325.0 307.0
404.0 431.0
19.0 438.0
400.0 -264.0
430.0 -359.0
160.0 -305.0
-73.0 -358.0
158.0 481.0
0.0 -150.0
49.0 275.0
-125.0 404.0
349.0 -215.0
-105.0 -264.0
-147.0 189.0
149.0 42.0
-137.0 -378.0
-499.0 79.0
473.0 -103.0
-303.0 -386.0
-199.0 -362.0
363.0 -92.0
282.0 341.0
229.0 162.0
156.0 204.0
273.0 -255.0
-398.0 50.0
-40.0 -384.0
-338.0 -66.0
-192.0 160.0
299.0 140.0
-304.0 446.0
267.0 304.0
333.0 -122.0
412.0 -169.0
134.0 -205.0
-98.0 63.0
9.0 -79.0
453.0 -29.0
358.0 18.0
147.0 130.0
-295.0 222.0
-218.0 -409.0
100.0 -446.0
-177.0 -23.0
-282.0 -90.0
-167.0 -248.0
266.0 -438.0
-302.0 -36.0
-76.0 305.0
-23.0 -273.0
406.0 -31.0
260.0 -110.0
86.0 -72.0
484.0 -8.0
432.0 281.0
394.0 -251.0
-238.0 -63.0
-41.0 381.0
-143.0 -402.0
325.0 237.0
-165.0 336.0
207.0 497.0
-155.0 -177.0
90.0 -15.0
-31.0 435.0
-356.0 -69.0
207.0 26.0
-475.0 -30.0
-90.0 281.0
129.0 492.0
331.0 -427.0
-126.0 375.0
182.0 349.0
378.0 -262.0
-284.0 -344.0
-143.0 -280.0
243.0 -253.0
123.0 -249.0
-34.0 116.0
-479.0 -121.0
-35.0 -358.0
116.0 258.0
-409.0 199.0
-174.0 32.0
141.0 472.0
396.0 -437.0
260.0 -479.0
-404.0 395.0
-118.0 80.0
12.0 -414.0
72.0 -74.0
-125.0 383.0
323.0 -341.0
-187.0 -165.0
269.0 473.0
386.0 471.0
270.0 -19.0
-296.0 -447.0
-141.0 146.0
-293.0 342.0
-204.0 -453.0
-382.0 281.0
-397.0 -138.0
87.0 367.0
-238.0 -175.0
129.0 -410.0
-398.0 -89.0
198.0 406.0
-174.0 432.0
-399.0 -29.0
-458.0 334.0
-170.0 -285.0
-305.0 485.0
254.0 336.0
419.0 -145.0
-457.0 -23.0
119.0 -483.0
304.0 -386.0
334
436.0 406.0
-490.0 -232.0
-316.0 -22.0
-441.0 84.0
-456.0 -271.0
350.0 69.0
-359.0 274.0
-382.0 -390.0
455.0 -429.0
273.0 -18.0
-210.0 269.0
-379.0 -18.0
47.0 428.0
-454.0 -417.0
86.0 371.0
-190.0 -318.0
388.0 -59.0
121.0 39.0
46.0 306.0
-405.0 -236.0
206.0 47.0
-138.0 263.0
-335.0 170.0
273.0 -26.0
-237.0 116.0
189.0 379.0
-403.0 -374.0
397.0 379.0
423.0 -84.0
-43.0 -298.0
-462.0 -385.0
-51.0 -123.0
30.0 -286.0
-22.0 -171.0
-308.0 7.0
-477.0 329.0
-409.0 243.0
388.0 -44.0
-303.0 257.0
274.0 -260.0
382.0 -214.0
312.0 -402.0
-377.0 227.0
101.0 131.0
-251.0 328.0
-228.0 -341.0
-187.0 -408.0
270.0 -53.0
-176.0 64.0
209.0 -151.0
-223.0 -51.0
-305.0 -283.0
-11.0 273.0
171.0 -136.0
421.0 354.0
-226.0 -50.0
73.0 41.0
-393.0 199.0
-492.0 -6.0
174.0 285.0
425.0 -457.0
383.0 -462.0
-14.0 -382.0
27.0 -460.0
452.0 169.0
-147.0 -243.0
451.0 -433.0
325.0 -8.0
-200.0 -254.0
-60.0 -469.0
-219.0 -383.0
-156.0 -184.0
129.0 -6.0
436.0 -205.0
-73.0 -272.0
113.0 -349.0
20.0 -120.0
391.0 -497.0
73.0 -499.0
-300.0 -195.0
322.0 -37.0
315.0 -494.0
269.0 152.0
-180.0 -406.0
-137.0 32.0
-159.0 288.0
411.0 381.0
-317.0 378.0
-285.0 -17.0
277.0 134.0
108.0 387.0
36.0 63.0
319.0 -157.0
-33.0 -165.0
163.0 -472.0
-53.0 386.0
-391.0 303.0
-431.0 -269.0
167.0 385.0
65.0 -147.0
-340.0 118.0
-426.0 -209.0
-267.0 164.0
316.0 363.0
409.0 -291.0
-58.0 -138.0
413.0 -437.0
-390.0 254.0
285.0 -297.0
425.0 -274.0
347.0 422.0
-370.0 -490.0
325.0 84.0
360.0 -271.0
193.0 -298.0
469.0 333.0
-454.0 -294.0
-279.0 295.0
181.0 -343.0
-57.0 -346.0
-291.0 -394.0
266.0 477.0
-219.0 -264.0
414.0 -177.0
218.0 -293.0
-335.0 235.0
425.0 -309.0
174.0 -323.0
434.0 -246.0
213.0 351.0
-64.0 -427.0
287.0 199.0
232.0 -69.0
-41.0 -214.0
263.0 493.0
400.0 -173.0
-81.0 418.0
-415.0 -25.0
94.0 -329.0
-492.0 -491.0
168.0 36.0
235.0 213.0
28.0 -113.0
-283.0 -218.0
424.0 89.0
-170.0 407.0
24.0 -432.0
450.0 426.0
154.0 -316.0
-363.0 -357.0
372.0 196.0
417.0 -330.0
269.0 210.0
409.0 -400.0
-255.0 -60.0
-21.0 -362.0
3.0 345.0
383.0 490.0
130.0 325.0
458.0 389.0
433.0 290.0
-146.0 -426.0
-370.0 266.0
3.0 -439.0
313.0 -359.0
80.0 -466.0
-116.0 486.0
-402.0 301.0
-174.0 -147.0
-280.0 150.0
171.0 260.0
392.0 -450.0
-365.0 -135.0
-341.0 -422.0
-330.0 7.0
348.0 -66.0
-478.0 487.0
-460.0 375.0
123.0 -177.0
-195.0 184.0
20.0 297.0
-5.0 290.0
-243.0 -396.0
-314.0 -406.0
483.0 -9.0
-315.0 438.0
272.0 32.0
-425.0 -4.0
392.0 -123.0
-304.0 -246.0
-54.0 413.0
-54.0 -137.0
-250.0 110.0
168.0 56.0
-499.0 -417.0
303.0 203.0
331.0 362.0
-424.0 192.0
150.0 213.0
-245.0 425.0
339.0 23.0
-74.0 19.0
5.0 -352.0
-499.0 -430.0
360.0 353.0
487.0 229.0
-265.0 407.0
-350.0 211.0
-377.0 -330.0
463.0 -341.0
-46.0 -168.0
100.0 346.0
-175.0 -269.0
-4.0 -391.0
-496.0 3.0
69.0 -87.0
28.0 -187.0
428.0 -314.0
-31.0 101.0
325.0 432.0
-186.0 429.0
-364.0 148.0
115.0 -301.0
-220.0 24.0
-436.0 171.0
-14.0 92.0
70.0 423.0
299.0 389.0
358.0 -414.0
39.0 -499.0
367.0 -339.0
281.0 267.0
413.0 483.0
-140.0 155.0
-85.0 478.0
57.0 367.0
-62.0 -253.0
-183.0 -171.0
-460.0 -177.0
-371.0 -475.0
75.0 466.0
-183.0 -73.0
397.0 401.0
-121.0 495.0
189.0 -261.0
81.0 131.0
195.0 -374.0
190.0 -13.0
-373.0 -451.0
-2.0 282.0
20.0 375.0
-288.0 -408.0
-468.0 324.0
-442.0 -321.0
467.0 -119.0
-466.0 -184.0
-315.0 22.0
308.0 189.0
345.0 -418.0
124.0 475.0
325.0 -28.0
-124.0 -357.0
-21.0 28.0
402.0 -382.0
488.0 -251.0
-374.0 237.0
-448.0 -62.0
-297.0 -237.0
-131.0 -347.0
-64.0 -268.0
240.0 -416.0
90.0 -58.0
-173.0 248.0
269.0 -112.0
42.0 -192.0
425.0 126.0
98.0 -152.0
165.0 -78.0
-132.0 -420.0
-85.0 83.0
-154.0 77.0
386.0 -388.0
71.0 299.0
-225.0 -288.0
221.0 -348.0
222.0 -275.0
-92.0 -320.0
-347.0 497.0
-275.0 217.0
-225.0 -5.0
-137.0 86.0
35.0 -110.0
-462.0 -303.0
-488.0 361.0
305.0 -136.0
-348.0 111.0
-119.0 -231.0
467.0 345.0
-327.0 -457.0
241.0 471.0
-338.0 152.0
-387.0 285.0
-450.0 -423.0
-408.0 -350.0
97.0 66.0
46.0 178.0
60.0 -14.0
-180.0 391.0
374.0 476.0
496.0 -159.0
7.0 -299.0
158.0 -299.0
427.0 218.0
-374.0 11.0
-130.0 380.0
244.0 -248.0
438.0 -198.0
-30.0 -183.0
500.0 -12.0
159.0 303.0
-237.0 -500.0
-8.0 156.0
-294.0 377.0
241.0 137.0
390.0 340.0
494.0 -55.0
471.0 -26.0
153.0 -39.0
-192.0 307.0
-221.0 460.0
403.0 -285.0
-218.0 -102.0
297.0 122.0
200.0 181.0
