6
166
30.0 178.0
-223.0 460.0
-7.0 317.0
28.0 -9.0
-62.0 -436.0
303.0 -437.0
-437.0 186.0
-17.0 -71.0
461.0 398.0
-311.0 -235.0
-188.0 283.0
-94.0 338.0
-185.0 328.0
-233.0 -104.0
162.0 448.0
138.0 485.0
-265.0 441.0
-308.0 -188.0
-357.0 107.0
-33.0 -475.0
-69.0 -275.0
-13.0 -466.0
-21.0 -167.0
3.0 -303.0
164.0 63.0
115.0 -375.0
-160.0 -170.0
-195.0 300.0
300.0 -126.0
369.0 -91.0
-196.0 180.0
140.0 7.0
342.0 -202.0
-115.0 478.0
354.0 -95.0
-230.0 23.0
498.0 -263.0
81.0 347.0
302.0 -26.0
164.0 -390.0
106.0 -147.0
383.0 -474.0
-12.0 -424.0
126.0 448.0
-130.0 -438.0
-253.0 -434.0
-290.0 -114.0
-419.0 -189.0
8.0 -248.0
-53.0 -280.0
-316.0 46.0
75.0 -486.0
281.0 -19.0
-223.0 -20.0
179.0 -464.0
-260.0 47.0
-86.0 -61.0
183.0 -146.0
422.0 77.0
186.0 -391.0
19.0 -44.0
-258.0 -35.0
-338.0 426.0
350.0 379.0
38.0 -284.0
-312.0 349.0
325.0 -233.0
-248.0 -488.0
101.0 15.0
358.0 -30.0
337.0 -100.0
303.0 40.0
-160.0 -210.0
190.0 -351.0
465.0 393.0
-480.0 305.0
16.0 15.0
441.0 -385.0
179.0 -343.0
51.0 -462.0
147.0 -340.0
-411.0 -379.0
-487.0 241.0
373.0 113.0
301.0 -279.0
-267.0 -261.0
163.0 -107.0
-100.0 155.0
-490.0 177.0
-258.0 -363.0
305.0 -200.0
119.0 -83.0
-77.0 176.0
352.0 -303.0
-204.0 334.0
29.0 282.0
163.0 -174.0
-110.0 274.0
-66.0 -183.0
-475.0 329.0
418.0 312.0
-134.0 -297.0
-340.0 355.0
354.0 247.0
431.0 -64.0
419.0 292.0
316.0 -488.0
-357.0 252.0
103.0 -106.0
432.0 227.0
397.0 -21.0
-285.0 -375.0
-408.0 389.0
188.0 384.0
-101.0 278.0
340.0 -464.0
96.0 200.0
343.0 -242.0
-244.0 235.0
-300.0 -439.0
-112.0 -241.0
84.0 -196.0
-105.0 -291.0
7.0 -172.0
-36.0 -396.0
-261.0 -241.0
-15.0 138.0
266.0 -497.0
-203.0 -447.0
-164.0 -183.0
76.0 -90.0
-77.0 359.0
361.0 -471.0
209.0 450.0
354.0 185.0
347.0 66.0
-151.0 -425.0
249.0 277.0
-305.0 466.0
432.0 -408.0
195.0 463.0
-122.0 -434.0
-204.0 273.0
-2.0 -331.0
247.0 -3.0
385.0 -13.0
334.0 -241.0
496.0 345.0
175.0 322.0
-113.0 320.0
-196.0 -168.0
-258.0 86.0
-447.0 -119.0
-447.0 118.0
-164.0 -232.0
300.0 387.0
407.0 -407.0
150.0 -199.0
254.0 -355.0
-176.0 102.0
-215.0 -171.0
-496.0 93.0
161.0 447.0
-295.0 -258.0
452.0 -342.0
351.0 299.0
166
311.0 -288.0
94.0 -473.0
-198.0 -90.0
-257.0 496.0
120.0 289.0
494.0 369.0
-359.0 -428.0
25.0 -118.0
-51.0 26.0
302.0 127.0
187.0 421.0
185.0 -462.0
-202.0 39.0
-493.0 488.0
421.0 42.0
149.0 359.0
-127.0 -114.0
-24.0 114.0
-366.0 -109.0
-2.0 -83.0
-320.0 -83.0
-235.0 428.0
-260.0 15.0
263.0 -155.0
-311.0 209.0
163.0 -38.0
-413.0 285.0
-328.0 -251.0
-204.0 390.0
158.0 -303.0
-165.0 -315.0
305.0 140.0
-210.0 108.0
-247.0 -28.0
-309.0 -311.0
-31.0 -191.0
188.0 -2.0
-335.0 471.0
-252.0 35.0
164.0 322.0
283.0 -476.0
-157.0 -266.0
-272.0 -373.0
-360.0 8.0
359.0 -82.0
-93.0 -106.0
-233.0 -63.0
-153.0 -413.0
18.0 -353.0
199.0 386.0
280.0 -9.0
-347.0 -404.0
-207.0 -317.0
264.0 -7.0
-298.0 198.0
122.0 -277.0
-475.0 -5.0
-137.0 72.0
-147.0 383.0
133.0 311.0
44.0 331.0
279.0 215.0
248.0 -389.0
-285.0 -248.0
-160.0 322.0
-381.0 286.0
-254.0 -270.0
-208.0 -154.0
394.0 331.0
-165.0 -444.0
239.0 -140.0
-322.0 -288.0
316.0 485.0
-467.0 500.0
-258.0 -90.0
-497.0 90.0
-295.0 -388.0
39.0 -330.0
-58.0 450.0
116.0 29.0
259.0 -274.0
419.0 445.0
-69.0 196.0
-254.0 161.0
253.0 294.0
-378.0 -89.0
346.0 247.0
409.0 361.0
278.0 -29.0
185.0 240.0
-261.0 -95.0
-53.0 -133.0
-53.0 -413.0
458.0 112.0
-330.0 -103.0
-163.0 -427.0
452.0 -391.0
-462.0 -285.0
71.0 10.0
-23.0 -490.0
8.0 -3.0
36.0 -57.0
152.0 -81.0
-221.0 -298.0
297.0 -364.0
279.0 275.0
500.0 413.0
72.0 -56.0
281.0 291.0
-58.0 -320.0
64.0 -394.0
-290.0 -463.0
265.0 201.0
-275.0 -415.0
498.0 -369.0
366.0 -443.0
-91.0 -111.0
-59.0 363.0
360.0 -174.0
-398.0 202.0
299.0 401.0
-426.0 -28.0
324.0 -353.0
264.0 399.0
-133.0 121.0
-115.0 -361.0
281.0 179.0
200.0 -363.0
148.0 -377.0
-12.0 406.0
-379.0 28.0
67.0 -446.0
115.0 264.0
-341.0 -483.0
145.0 -346.0
15.0 -233.0
-410.0 -421.0
-293.0 -20.0
448.0 -428.0
-220.0 -260.0
-330.0 52.0
-104.0 -317.0
-463.0 -125.0
-280.0 -61.0
-322.0 -299.0
111.0 -241.0
93.0 -39.0
-470.0 -71.0
-251.0 275.0
248.0 170.0
386.0 -299.0
-51.0 61.0
207.0 -18.0
453.0 -175.0
-154.0 346.0
271.0 -375.0
-138.0 -145.0
-226.0 244.0
-52.0 17.0
438.0 489.0
-406.0 400.0
-495.0 -324.0
479.0 130.0
188.0 239.0
-118.0 362.0
161.0 323.0
166
-67.0 275.0
-81.0 -111.0
403.0 137.0
236.0 17.0
282.0 47.0
486.0 -135.0
-190.0 456.0
247.0 -482.0
-197.0 -409.0
-5.0 328.0
-126.0 -331.0
-264.0 -252.0
123.0 -232.0
75.0 245.0
-196.0 -192.0
-425.0 418.0
-360.0 302.0
229.0 -473.0
-407.0 262.0
184.0 -282.0
-488.0 -240.0
12.0 414.0
-63.0 -250.0
-461.0 326.0
-102.0 -307.0
105.0 285.0
-275.0 296.0
310.0 -289.0
-94.0 -50.0
-322.0 442.0
140.0 -395.0
116.0 316.0
293.0 -454.0
231.0 -363.0
78.0 -248.0
103.0 -113.0
-433.0 69.0
139.0 167.0
-395.0 35.0
321.0 -146.0
393.0 339.0
-63.0 292.0
-482.0 -397.0
-22.0 231.0
493.0 -29.0
319.0 -296.0
421.0 306.0
-471.0 62.0
-165.0 415.0
-425.0 -332.0
-149.0 -214.0
396.0 -148.0
268.0 384.0
-271.0 -152.0
-498.0 -413.0
246.0 -10.0
-195.0 -199.0
-337.0 -448.0
-182.0 200.0
328.0 -4.0
-455.0 272.0
218.0 170.0
-437.0 -429.0
-375.0 184.0
413.0 -471.0
-408.0 155.0
-253.0 305.0
206.0 -478.0
-33.0 -476.0
-220.0 -160.0
-331.0 453.0
26.0 -309.0
139.0 227.0
-289.0 260.0
480.0 160.0
232.0 108.0
-465.0 291.0
-126.0 459.0
-500.0 -366.0
-90.0 93.0
119.0 -411.0
250.0 204.0
-278.0 -192.0
-197.0 316.0
71.0 126.0
447.0 109.0
-214.0 264.0
488.0 199.0
-76.0 -346.0
-101.0 132.0
87.0 -442.0
146.0 229.0
-136.0 315.0
-326.0 125.0
-353.0 140.0
365.0 -436.0
-248.0 210.0
-282.0 -372.0
254.0 352.0
-95.0 -184.0
-58.0 160.0
-497.0 375.0
-278.0 5.0
234.0 30.0
-471.0 432.0
404.0 55.0
-152.0 -379.0
-265.0 411.0
-317.0 -497.0
327.0 -383.0
447.0 292.0
-336.0 -16.0
229.0 139.0
453.0 -254.0
115.0 -91.0
-396.0 -82.0
271.0 108.0
-316.0 385.0
275.0 -333.0
-170.0 -18.0
28.0 -490.0
-381.0 474.0
-255.0 118.0
-51.0 224.0
-46.0 132.0
394.0 -11.0
-271.0 -247.0
-2.0 13.0
-79.0 463.0
9.0 427.0
408.0 481.0
93.0 211.0
-408.0 120.0
-17.0 357.0
-447.0 320.0
-94.0 218.0
-69.0 382.0
-456.0 92.0
-159.0 -222.0
-411.0 -284.0
-445.0 -312.0
-355.0 -330.0
173.0 -293.0
427.0 82.0
346.0 91.0
-61.0 131.0
-335.0 -215.0
-473.0 -186.0
275.0 -117.0
-248.0 -24.0
378.0 -186.0
461.0 442.0
316.0 -351.0
-399.0 -337.0
295.0 175.0
79.0 -93.0
-169.0 288.0
-107.0 -17.0
-424.0 -9.0
216.0 74.0
237.0 -302.0
-62.0 -198.0
449.0 322.0
-160.0 -26.0
-490.0 -380.0
-468.0 -122.0
166
-190.0 -449.0
-363.0 82.0
-456.0 2.0
433.0 -237.0
71.0 -453.0
52.0 39.0
231.0 90.0
-357.0 -203.0
-170.0 -336.0
246.0 -479.0
259.0 259.0
227.0 120.0
396.0 168.0
-229.0 -442.0
152.0 453.0
-461.0 295.0
-453.0 -364.0
-220.0 256.0
-42.0 377.0
-175.0 -124.0
369.0 -283.0
-13.0 203.0
-67.0 -209.0
303.0 234.0
-201.0 370.0
234.0 -219.0
-470.0 -190.0
-244.0 -439.0
71.0 -249.0
236.0 178.0
392.0 -216.0
-293.0 -191.0
-118.0 -380.0
-368.0 -190.0
100.0 442.0
22.0 254.0
-258.0 10.0
334.0 332.0
113.0 -177.0
-80.0 -251.0
350.0 -176.0
-337.0 315.0
138.0 34.0
-325.0 -44.0
-422.0 -235.0
134.0 -114.0
-238.0 196.0
487.0 -192.0
166.0 280.0
217.0 74.0
462.0 -123.0
-112.0 3.0
-302.0 -103.0
15.0 119.0
337.0 387.0
215.0 103.0
213.0 -384.0
291.0 -190.0
-382.0 -95.0
-276.0 -458.0
429.0 -493.0
266.0 445.0
49.0 394.0
419.0 -190.0
222.0 330.0
-296.0 -70.0
273.0 -80.0
-125.0 -374.0
-467.0 -363.0
186.0 457.0
-94.0 -178.0
478.0 -65.0
81.0 309.0
-27.0 20.0
-9.0 396.0
58.0 -87.0
-286.0 192.0
-139.0 -6.0
-170.0 109.0
461.0 -425.0
-460.0 282.0
-342.0 -199.0
-5.0 132.0
-231.0 266.0
348.0 327.0
-492.0 95.0
407.0 182.0
-30.0 167.0
0.0 -161.0
-240.0 -410.0
41.0 102.0
-341.0 -326.0
-74.0 -287.0
113.0 219.0
317.0 -184.0
-442.0 -76.0
314.0 -321.0
-210.0 -106.0
-394.0 156.0
-99.0 169.0
427.0 29.0
472.0 61.0
-466.0 -158.0
127.0 148.0
-265.0 -315.0
-307.0 151.0
4.0 458.0
41.0 -371.0
-310.0 213.0
-131.0 -218.0
58.0 339.0
193.0 43.0
-393.0 -214.0
182.0 -404.0
290.0 -73.0
95.0 235.0
216.0 -222.0
-252.0 1.0
-446.0 166.0
-266.0 -65.0
11.0 500.0
38.0 -153.0
293.0 481.0
-225.0 -481.0
-163.0 -205.0
-428.0 148.0
-230.0 121.0
-44.0 -38.0
-470.0 -480.0
105.0 -262.0
389.0 374.0
-399.0 21.0
187.0 -254.0
-163.0 487.0
-483.0 -197.0
332.0 254.0
175.0 -295.0
-256.0 -3.0
-328.0 487.0
456.0 -195.0
-463.0 277.0
-186.0 -395.0
-482.0 369.0
382.0 347.0
-372.0 187.0
-190.0 309.0
428.0 -383.0
-397.0 -24.0
-335.0 180.0
-18.0 266.0
348.0 -313.0
-136.0 -182.0
398.0 53.0
-430.0 251.0
261.0 -106.0
481.0 -277.0
486.0 467.0
-493.0 98.0
161.0 328.0
-160.0 177.0
258.0 29.0
-117.0 124.0
426.0 25.0
-416.0 -399.0
44.0 -170.0
-419.0 -372.0
166
279.0 330.0
-234.0 -372.0
344.0 -485.0
-239.0 -355.0
-17.0 -323.0
142.0 454.0
50.0 -62.0
158.0 -335.0
382.0 -393.0
-104.0 -46.0
54.0 -127.0
229.0 255.0
39.0 144.0
395.0 -9.0
13.0 237.0
126.0 407.0
115.0 363.0
145.0 170.0
273.0 -475.0
-173.0 -435.0
-84.0 -19.0
278.0 -363.0
400.0 422.0
-346.0 483.0
-323.0 60.0
-350.0 -271.0
-409.0 202.0
239.0 324.0
-240.0 -429.0
272.0 -467.0
-363.0 -289.0
-213.0 10.0
-109.0 -379.0
-376.0 68.0
-310.0 -143.0
52.0 -429.0
-364.0 -298.0
-380.0 377.0
221.0 -166.0
327.0 -320.0
387.0 -341.0
491.0 -113.0
372.0 106.0
-307.0 -118.0
175.0 -139.0
-135.0 134.0
309.0 -41.0
196.0 -67.0
211.0 229.0
69.0 167.0
435.0 -76.0
-448.0 308.0
-326.0 -84.0
332.0 72.0
-280.0 -74.0
452.0 -499.0
152.0 398.0
341.0 284.0
-377.0 102.0
125.0 327.0
-402.0 -330.0
193.0 462.0
230.0 -214.0
281.0 22.0
156.0 -467.0
29.0 68.0
392.0 -181.0
442.0 -494.0
-241.0 -495.0
158.0 -122.0
424.0 260.0
-1.0 119.0
176.0 -383.0
407.0 65.0
-184.0 -227.0
456.0 -307.0
-482.0 -364.0
419.0 17.0
-155.0 59.0
374.0 104.0
82.0 -259.0
-155.0 83.0
-199.0 -332.0
-35.0 -254.0
238.0 407.0
149.0 -311.0
55.0 -28.0
-455.0 453.0
-348.0 -304.0
362.0 277.0
114.0 -410.0
117.0 -200.0
-325.0 138.0
-263.0 -34.0
367.0 305.0
367.0 85.0
249.0 205.0
-445.0 117.0
386.0 -125.0
-27.0 288.0
-167.0 224.0
-479.0 -227.0
112.0 269.0
-458.0 -303.0
-75.0 130.0
-490.0 108.0
-345.0 -2.0
-308.0 -244.0
247.0 -465.0
-460.0 320.0
-482.0 52.0
145.0 -373.0
219.0 -441.0
353.0 -163.0
-286.0 -147.0
113.0 -396.0
369.0 -88.0
188.0 -352.0
81.0 303.0
310.0 -21.0
-41.0 315.0
-284.0 -465.0
-244.0 -79.0
-247.0 -16.0
-399.0 -469.0
-140.0 -220.0
-61.0 -243.0
373.0 -102.0
122.0 -54.0
-333.0 383.0
352.0 123.0
211.0 -8.0
-339.0 -476.0
370.0 -68.0
-156.0 -380.0
-114.0 261.0
434.0 -183.0
208.0 -170.0
-131.0 -47.0
-495.0 282.0
-20.0 -227.0
-363.0 -130.0
-453.0 -371.0
251.0 102.0
346.0 67.0
-73.0 -302.0
-87.0 492.0
-96.0 163.0
395.0 -172.0
200.0 217.0
-39.0 -412.0
-310.0 203.0
413.0 -3.0
-422.0 6.0
338.0 500.0
188.0 -381.0
-46.0 -82.0
-455.0 -309.0
256.0 -136.0
195.0 117.0
255.0 -263.0
-298.0 315.0
-114.0 166.0
-62.0 137.0
-130.0 -125.0
-111.0 168.0
170
-376.0 400.0
-55.0 -231.0
-456.0 -191.0
405.0 81.0
470.0 454.0
318.0 63.0
-40.0 -257.0
61.0 -280.0
-341.0 -5.0
365.0 131.0
-137.0 335.0
71.0 -63.0
108.0 -291.0
-345.0 -6.0
-71.0 381.0
341.0 -95.0
355.0 -176.0
-357.0 424.0
58.0 241.0
218.0 -347.0
-82.0 -100.0
-417.0 342.0
251.0 276.0
313.0 453.0
-420.0 287.0
-327.0 8.0
-196.0 339.0
238.0 376.0
-287.0 387.0
57.0 -124.0
285.0 493.0
1.0 153.0
36.0 255.0
391.0 211.0
-333.0 408.0
475.0 201.0
-314.0 -144.0
491.0 -295.0
-81.0 342.0
-67.0 0.0
299.0 138.0
-28.0 463.0
39.0 323.0
-144.0 357.0
406.0 100.0
-31.0 418.0
250.0 405.0
274.0 -241.0
170.0 -30.0
319.0 141.0
136.0 -185.0
-353.0 -276.0
-191.0 496.0
186.0 -5.0
-48.0 406.0
264.0 -275.0
-424.0 155.0
33.0 -388.0
338.0 318.0
373.0 -230.0
-35.0 -166.0
-20.0 33.0
193.0 -147.0
305.0 -202.0
487.0 66.0
249.0 447.0
271.0 387.0
104.0 -351.0
-91.0 -202.0
90.0 -252.0
-2.0 -7.0
-11.0 -35.0
290.0 -11.0
286.0 425.0
-131.0 140.0
110.0 377.0
31.0 187.0
-94.0 202.0
8.0 46.0
-174.0 -65.0
-59.0 337.0
136.0 474.0
-224.0 458.0
118.0 -233.0
-226.0 -103.0
293.0 485.0
-220.0 -451.0
403.0 444.0
431.0 -487.0
-276.0 -212.0
-312.0 -335.0
460.0 289.0
-497.0 162.0
376.0 -436.0
473.0 -432.0
4.0 244.0
127.0 -69.0
155.0 185.0
-18.0 -87.0
-388.0 -384.0
96.0 -346.0
82.0 230.0
237.0 -433.0
179.0 7.0
126.0 -230.0
-397.0 -425.0
-445.0 400.0
-32.0 -174.0
477.0 39.0
-252.0 -329.0
-475.0 58.0
-433.0 -403.0
491.0 -91.0
-98.0 310.0
400.0 -163.0
-328.0 3.0
-276.0 -77.0
212.0 -463.0
105.0 -157.0
-459.0 -276.0
174.0 -127.0
342.0 -311.0
156.0 -331.0
-312.0 -240.0
-187.0 -227.0
-15.0 144.0
-260.0 -256.0
99.0 193.0
41.0 -58.0
52.0 481.0
183.0 -251.0
-93.0 135.0
123.0 -181.0
430.0 -89.0
441.0 287.0
301.0 -440.0
202.0 -278.0
-464.0 -163.0
298.0 131.0
-198.0 138.0
-483.0 -487.0
-151.0 -94.0
296.0 37.0
-134.0 158.0
304.0 142.0
388.0 -179.0
-36.0 350.0
-109.0 102.0
-420.0 29.0
358.0 433.0
173.0 -90.0
437.0 -30.0
390.0 -64.0
-471.0 -440.0
165.0 -294.0
411.0 3.0
500.0 -72.0
-153.0 -100.0
203.0 380.0
376.0 61.0
469.0 -145.0
-29.0 -471.0
-302.0 -288.0
101.0 -21.0
-66.0 17.0
-358.0 457.0
370.0 -479.0
204.0 47.0
483.0 191.0
364.0 47.0
