9
111
-7.0 -494.0
-341.0 -71.0
142.0 52.0
451.0 -360.0
293.0 119.0
-463.0 354.0
-493.0 320.0
-135.0 -356.0
-178.0 407.0
388.0 228.0
148.0 -99.0
-476.0 -50.0
-374.0 -384.0
126.0 23.0
0.0 453.0
-479.0 -99.0
-138.0 -60.0
435.0 -55.0
134.0 -461.0
-439.0 61.0
158.0 260.0
177.0 114.0
183.0 -345.0
-350.0 69.0
-367.0 -175.0
232.0 -243.0
135.0 -400.0
-365.0 -164.0
383.0 332.0
-257.0 409.0
427.0 -212.0
-457.0 209.0
-464.0 -460.0
325.0 247.0
278.0 -421.0
372.0 180.0
103.0 -325.0
248.0 454.0
466.0 88.0
-214.0 -194.0
-94.0 260.0
-171.0 490.0
44.0 421.0
152.0 447.0
243.0 21.0
-493.0 341.0
-150.0 257.0
-42.0 -183.0
-162.0 153.0
289.0 258.0
360.0 114.0
383.0 -140.0
490.0 400.0
-257.0 -399.0
-190.0 -12.0
51.0 -250.0
343.0 205.0
-370.0 -430.0
-148.0 56.0
18.0 -250.0
154.0 164.0
144.0 -96.0
445.0 -216.0
160.0 -407.0
220.0 144.0
120.0 -238.0
-393.0 -228.0
-473.0 301.0
-285.0 396.0
118.0 -337.0
103.0 434.0
-200.0 472.0
151.0 -129.0
251.0 -51.0
431.0 -91.0
61.0 -338.0
1.0 87.0
-452.0 -226.0
-155.0 109.0
42.0 -160.0
464.0 78.0
311.0 -160.0
343.0 88.0
492.0 -63.0
-366.0 95.0
337.0 103.0
-419.0 -495.0
388.0 161.0
80.0 95.0
-41.0 148.0
333.0 -247.0
482.0 -218.0
328.0 391.0
81.0 -497.0
143.0 451.0
-267.0 113.0
-432.0 -314.0
-458.0 -382.0
-392.0 397.0
479.0 -158.0
203.0 443.0
-9.0 -380.0
-75.0 -441.0
119.0 295.0
-384.0 311.0
-301.0 339.0
-256.0 -318.0
224.0 -391.0
290.0 -192.0
493.0 -329.0
-482.0 133.0
111
493.0 271.0
147.0 142.0
270.0 489.0
-277.0 103.0
249.0 437.0
-446.0 -216.0
34.0 46.0
-489.0 251.0
255.0 -259.0
18.0 -80.0
144.0 -442.0
45.0 -17.0
-66.0 -441.0
-18.0 431.0
-330.0 419.0
-363.0 -489.0
285.0 -23.0
-53.0 -287.0
178.0 3.0
360.0 -460.0
292.0 -226.0
170.0 -371.0
52.0 321.0
-76.0 -346.0
15.0 -264.0
-400.0 -283.0
365.0 -301.0
-109.0 224.0
-183.0 215.0
202.0 -175.0
-115.0 -450.0
-295.0 -404.0
-186.0 150.0
17.0 -424.0
-270.0 -77.0
319.0 -229.0
108.0 372.0
-17.0 125.0
-78.0 107.0
-2.0 -247.0
-191.0 376.0
-373.0 -137.0
-209.0 86.0
-232.0 305.0
-392.0 -76.0
-339.0 -406.0
373.0 9.0
-117.0 -233.0
210.0 -302.0
-143.0 -81.0
-268.0 21.0
58.0 252.0
93.0 237.0
-236.0 375.0
-300.0 -62.0
-95.0 -98.0
128.0 368.0
-161.0 232.0
-101.0 -328.0
-392.0 -448.0
-239.0 -289.0
110.0 470.0
-33.0 -218.0
-232.0 177.0
-322.0 352.0
-24.0 448.0
151.0 268.0
-459.0 457.0
-318.0 -112.0
-500.0 486.0
-39.0 -140.0
446.0 -150.0
-243.0 -93.0
-119.0 -5.0
-329.0 326.0
475.0 111.0
48.0 -85.0
51.0 195.0
144.0 -464.0
-481.0 -286.0
165.0 -280.0
121.0 -292.0
98.0 -465.0
50.0 -473.0
262.0 -427.0
128.0 -381.0
466.0 136.0
-145.0 -88.0
40.0 -180.0
-6.0 -111.0
404.0 -408.0
97.0 321.0
376.0 -395.0
232.0 190.0
344.0 327.0
-413.0 186.0
44.0 265.0
-226.0 50.0
-153.0 -447.0
-205.0 13.0
-69.0 31.0
120.0 143.0
-131.0 -472.0
-322.0 477.0
140.0 135.0
-73.0 -68.0
360.0 -334.0
472.0 -62.0
267.0 339.0
167.0 -135.0
167.0 -209.0
111
-421.0 446.0
87.0 451.0
468.0 330.0
-383.0 268.0
-120.0 272.0
446.0 142.0
185.0 -439.0
-442.0 490.0
121.0 332.0
-328.0 -73.0
-68.0 -293.0
452.0 2.0
-467.0 171.0
-241.0 -157.0
-492.0 -9.0
-227.0 261.0
319.0 -253.0
133.0 188.0
214.0 402.0
-67.0 -200.0
359.0 22.0
143.0 -291.0
134.0 -385.0
280.0 -75.0
340.0 425.0
95.0 -271.0
144.0 285.0
13.0 -144.0
-20.0 -270.0
-485.0 363.0
-200.0 60.0
463.0 140.0
-276.0 42.0
404.0 -189.0
45.0 -411.0
-10.0 -215.0
103.0 39.0
-324.0 -360.0
239.0 -281.0
416.0 30.0
452.0 -111.0
323.0 382.0
55.0 44.0
369.0 445.0
-70.0 218.0
-21.0 -310.0
180.0 -467.0
297.0 -427.0
-84.0 112.0
314.0 245.0
-255.0 -156.0
-373.0 140.0
349.0 376.0
304.0 473.0
-364.0 294.0
223.0 128.0
484.0 -235.0
-106.0 65.0
97.0 154.0
-258.0 -309.0
45.0 -143.0
-203.0 -85.0
-80.0 -148.0
-272.0 -133.0
36.0 495.0
-72.0 447.0
-379.0 382.0
-208.0 -308.0
156.0 -59.0
302.0 204.0
-452.0 366.0
-124.0 86.0
-26.0 -204.0
-499.0 -159.0
32.0 -480.0
-269.0 -49.0
-80.0 59.0
-44.0 -337.0
329.0 327.0
219.0 58.0
286.0 310.0
426.0 -375.0
326.0 -355.0
149.0 39.0
386.0 294.0
-204.0 439.0
-419.0 -217.0
127.0 -194.0
-116.0 -140.0
-436.0 454.0
-68.0 291.0
-99.0 81.0
-428.0 74.0
-274.0 -410.0
-393.0 381.0
463.0 -434.0
-160.0 -25.0
-467.0 -352.0
66.0 291.0
28.0 299.0
-476.0 324.0
-149.0 248.0
-67.0 72.0
151.0 326.0
-197.0 -112.0
-134.0 -416.0
-309.0 212.0
-415.0 249.0
-375.0 469.0
64.0 278.0
-61.0 293.0
111
-163.0 -333.0
-431.0 413.0
246.0 46.0
237.0 32.0
96.0 -399.0
90.0 -225.0
-405.0 -332.0
2.0 129.0
-33.0 172.0
-81.0 483.0
-211.0 -322.0
34.0 396.0
-1.0 219.0
-104.0 -25.0
-311.0 -338.0
-277.0 148.0
8.0 274.0
239.0 475.0
462.0 -214.0
-92.0 33.0
44.0 18.0
-433.0 -464.0
235.0 85.0
254.0 -270.0
372.0 -101.0
-50.0 9.0
-371.0 -363.0
-466.0 95.0
103.0 51.0
-7.0 357.0
-121.0 87.0
264.0 32.0
396.0 -113.0
-117.0 -280.0
-299.0 -419.0
99.0 399.0
73.0 469.0
-346.0 436.0
-99.0 73.0
-44.0 -159.0
243.0 40.0
-458.0 -445.0
-120.0 146.0
-189.0 189.0
-230.0 132.0
35.0 373.0
465.0 -373.0
441.0 -257.0
491.0 249.0
341.0 338.0
-487.0 16.0
-325.0 -224.0
-445.0 83.0
498.0 -266.0
-204.0 495.0
-414.0 -222.0
-179.0 -417.0
-438.0 416.0
27.0 43.0
45.0 -494.0
-292.0 225.0
267.0 -251.0
129.0 16.0
470.0 1.0
433.0 -473.0
223.0 -464.0
194.0 -46.0
354.0 -323.0
-259.0 -70.0
-27.0 -33.0
391.0 -315.0
179.0 -68.0
290.0 -128.0
76.0 -13.0
-104.0 330.0
296.0 435.0
-80.0 329.0
406.0 348.0
460.0 -6.0
177.0 -205.0
35.0 377.0
-343.0 -298.0
66.0 -279.0
-129.0 294.0
-34.0 -333.0
331.0 76.0
-83.0 279.0
348.0 -291.0
-401.0 89.0
102.0 93.0
-288.0 -300.0
-273.0 -464.0
-379.0 390.0
275.0 413.0
56.0 43.0
6.0 -223.0
-445.0 289.0
-221.0 17.0
-124.0 274.0
333.0 -423.0
-214.0 -225.0
399.0 -145.0
464.0 -30.0
-140.0 433.0
463.0 -144.0
100.0 196.0
-249.0 -318.0
-476.0 -89.0
379.0 -326.0
21.0 -459.0
-295.0 465.0
111
125.0 -372.0
-483.0 271.0
-316.0 97.0
-132.0 75.0
421.0 344.0
-52.0 -425.0
258.0 271.0
366.0 278.0
205.0 385.0
-480.0 -190.0
469.0 491.0
325.0 327.0
-313.0 417.0
251.0 -305.0
-238.0 132.0
-416.0 13.0
-118.0 -396.0
201.0 221.0
-121.0 411.0
9.0 252.0
-474.0 -110.0
309.0 -68.0
-40.0 -492.0
-79.0 350.0
370.0 -320.0
332.0 -420.0
-397.0 -423.0
-102.0 90.0
-317.0 316.0
-253.0 249.0
350.0 183.0
360.0 -181.0
-325.0 -382.0
-394.0 272.0
-123.0 -208.0
-136.0 221.0
-129.0 -115.0
110.0 252.0
-58.0 -378.0
252.0 -164.0
-172.0 195.0
-152.0 120.0
70.0 95.0
129.0 355.0
327.0 428.0
21.0 -128.0
-403.0 38.0
37.0 -179.0
38.0 444.0
56.0 370.0
374.0 -343.0
-230.0 454.0
-490.0 327.0
90.0 244.0
327.0 231.0
89.0 402.0
137.0 380.0
-85.0 -281.0
-497.0 -455.0
-140.0 191.0
394.0 27.0
-98.0 38.0
418.0 -146.0
-307.0 483.0
178.0 -184.0
203.0 186.0
-27.0 -466.0
-46.0 302.0
305.0 312.0
14.0 -498.0
466.0 424.0
-1.0 -22.0
-438.0 -355.0
-321.0 208.0
130.0 -488.0
-286.0 -293.0
-315.0 176.0
-167.0 -331.0
389.0 471.0
137.0 -124.0
-13.0 377.0
-302.0 -254.0
488.0 346.0
321.0 435.0
48.0 -182.0
480.0 -337.0
354.0 323.0
-51.0 300.0
184.0 -353.0
-94.0 311.0
7.0 -319.0
-208.0 -221.0
-137.0 -334.0
-124.0 66.0
151.0 -182.0
-200.0 20.0
-220.0 -413.0
-436.0 -115.0
386.0 -324.0
218.0 -64.0
24.0 -353.0
-216.0 39.0
-295.0 -59.0
427.0 -98.0
-277.0 -317.0
23.0 215.0
44.0 -39.0
-297.0 498.0
-53.0 -367.0
33.0 246.0
-382.0 341.0
111
-44.0 -85.0
434.0 491.0
-259.0 263.0
306.0 -132.0
-282.0 172.0
320.0 -375.0
315.0 -219.0
100.0 -459.0
-362.0 -473.0
258.0 -477.0
-96.0 -447.0
322.0 278.0
191.0 -252.0
-188.0 -146.0
309.0 108.0
-373.0 -451.0
195.0 464.0
-14.0 254.0
-155.0 224.0
474.0 297.0
14.0 33.0
237.0 -380.0
463.0 -464.0
-25.0 -369.0
448.0 -378.0
50.0 444.0
308.0 234.0
412.0 -182.0
238.0 100.0
-284.0 229.0
-429.0 -346.0
78.0 -187.0
98.0 353.0
-389.0 274.0
364.0 353.0
126.0 148.0
-155.0 -228.0
-489.0 352.0
180.0 70.0
127.0 331.0
-112.0 -499.0
-12.0 93.0
63.0 -299.0
-29.0 343.0
-90.0 -396.0
317.0 140.0
350.0 436.0
-466.0 -59.0
288.0 -487.0
-170.0 -207.0
-450.0 -147.0
115.0 389.0
-179.0 26.0
-186.0 31.0
333.0 330.0
486.0 216.0
-138.0 -462.0
401.0 -198.0
-119.0 -287.0
130.0 -277.0
447.0 -345.0
-433.0 -106.0
-328.0 371.0
217.0 21.0
-495.0 -120.0
85.0 -69.0
-126.0 209.0
-283.0 -326.0
445.0 60.0
-80.0 189.0
-165.0 308.0
-401.0 40.0
-17.0 -211.0
-126.0 208.0
1.0 316.0
166.0 368.0
401.0 -203.0
51.0 184.0
123.0 102.0
188.0 -235.0
-170.0 215.0
278.0 259.0
60.0 -281.0
378.0 -178.0
-252.0 397.0
-218.0 488.0
-287.0 -279.0
427.0 -469.0
330.0 -93.0
-249.0 401.0
-254.0 269.0
340.0 -405.0
-271.0 -221.0
-476.0 -360.0
45.0 309.0
487.0 411.0
-130.0 -248.0
-375.0 -303.0
380.0 239.0
399.0 182.0
105.0 -85.0
-101.0 146.0
-494.0 216.0
-494.0 -250.0
144.0 -314.0
-497.0 -113.0
36.0 175.0
-333.0 -35.0
-402.0 260.0
353.0 -243.0
255.0 -366.0
111
18.0 -352.0
250.0 438.0
310.0 385.0
-213.0 228.0
-288.0 247.0
204.0 -49.0
427.0 248.0
-165.0 413.0
393.0 -246.0
-348.0 -270.0
-285.0 443.0
-329.0 -371.0
380.0 6.0
153.0 446.0
-380.0 -350.0
372.0 -132.0
34.0 84.0
351.0 123.0
-145.0 296.0
159.0 324.0
-197.0 462.0
66.0 168.0
342.0 189.0
105.0 441.0
276.0 -442.0
21.0 476.0
41.0 -426.0
-35.0 126.0
356.0 -140.0
-408.0 -293.0
411.0 -162.0
383.0 -420.0
-425.0 -280.0
-9.0 210.0
-25.0 -101.0
-478.0 355.0
-154.0 -12.0
-317.0 378.0
483.0 -103.0
430.0 256.0
366.0 454.0
499.0 185.0
-83.0 348.0
476.0 -416.0
246.0 269.0
-147.0 -19.0
191.0 -300.0
307.0 237.0
497.0 257.0
18.0 -272.0
381.0 488.0
-22.0 302.0
-185.0 -313.0
206.0 353.0
-97.0 -119.0
-495.0 388.0
303.0 308.0
196.0 -21.0
-391.0 473.0
-148.0 45.0
-318.0 -194.0
-337.0 -188.0
333.0 180.0
-309.0 -461.0
-298.0 132.0
160.0 -311.0
-457.0 -43.0
35.0 51.0
-239.0 -77.0
318.0 -466.0
24.0 -259.0
441.0 333.0
-460.0 104.0
-111.0 314.0
-92.0 -39.0
220.0 107.0
-11.0 20.0
-242.0 273.0
-332.0 -414.0
37.0 -80.0
386.0 356.0
183.0 -363.0
-351.0 -387.0
156.0 -200.0
467.0 298.0
-130.0 293.0
22.0 -401.0
-341.0 -435.0
-382.0 213.0
-422.0 -46.0
160.0 -179.0
108.0 -361.0
133.0 299.0
-235.0 90.0
-164.0 467.0
-272.0 -480.0
191.0 496.0
-433.0 243.0
307.0 -199.0
-40.0 189.0
-289.0 -339.0
117.0 453.0
12.0 268.0
-40.0 -111.0
49.0 -202.0
-123.0 -431.0
-209.0 -471.0
-171.0 315.0
179.0 127.0
-197.0 -75.0
388.0 457.0
111
-217.0 249.0
191.0 231.0
157.0 259.0
-28.0 100.0
-415.0 486.0
194.0 96.0
-49.0 452.0
-212.0 -267.0
-122.0 275.0
193.0 223.0
44.0 -391.0
-109.0 -17.0
59.0 -485.0
-171.0 -224.0
-150.0 160.0
56.0 475.0
366.0 78.0
-148.0 -100.0
110.0 53.0
-476.0 339.0
330.0 -493.0
344.0 -8.0
5.0 237.0
-405.0 109.0
448.0 128.0
354.0 236.0
-70.0 188.0
266.0 126.0
272.0 -487.0
-410.0 139.0
-13.0 -459.0
-464.0 -92.0
-25.0 67.0
-460.0 -95.0
42.0 -488.0
-57.0 399.0
322.0 -376.0
413.0 -113.0
-117.0 140.0
169.0 -222.0
284.0 -430.0
95.0 220.0
-383.0 94.0
-455.0 328.0
436.0 -232.0
311.0 236.0
314.0 -299.0
358.0 -152.0
84.0 30.0
161.0 392.0
172.0 -59.0
-351.0 111.0
6.0 -12.0
-304.0 -268.0
417.0 -435.0
-51.0 -156.0
-363.0 -302.0
315.0 -184.0
80.0 375.0
-411.0 -20.0
296.0 172.0
326.0 120.0
-132.0 -417.0
-322.0 -470.0
-304.0 115.0
60.0 -69.0
173.0 103.0
462.0 38.0
-362.0 392.0
475.0 489.0
-285.0 414.0
60.0 -168.0
-208.0 -74.0
311.0 -321.0
275.0 -220.0
-237.0 164.0
-119.0 221.0
309.0 -311.0
142.0 -220.0
-173.0 8.0
219.0 218.0
28.0 -215.0
129.0 496.0
-371.0 -29.0
-471.0 271.0
369.0 -321.0
-352.0 33.0
-268.0 286.0
310.0 -279.0
393.0 480.0
-112.0 485.0
-297.0 -411.0
-73.0 -111.0
-229.0 92.0
-439.0 196.0
472.0 -50.0
-30.0 -330.0
366.0 -122.0
-411.0 337.0
65.0 251.0
-140.0 -293.0
-393.0 200.0
166.0 208.0
-379.0 -147.0
490.0 56.0
-318.0 398.0
-228.0 -390.0
254.0 317.0
-239.0 -130.0
-409.0 209.0
414.0 370.0
112
-334.0 -397.0
-28.0 -286.0
71.0 56.0
-284.0 -50.0
-275.0 490.0
-487.0 -449.0
419.0 -385.0
338.0 252.0
203.0 -230.0
176.0 -455.0
288.0 -436.0
460.0 145.0
486.0 40.0
10.0 179.0
39.0 422.0
-396.0 -194.0
-446.0 158.0
32.0 43.0
14.0 -236.0
-307.0 -306.0
304.0 -373.0
182.0 95.0
-260.0 298.0
-454.0 325.0
258.0 206.0
485.0 53.0
-300.0 307.0
-440.0 -326.0
-291.0 425.0
210.0 150.0
-192.0 -334.0
26.0 346.0
-279.0 204.0
-500.0 -372.0
185.0 -252.0
74.0 -318.0
397.0 142.0
-495.0 42.0
270.0 195.0
-79.0 99.0
78.0 -125.0
196.0 235.0
471.0 -324.0
64.0 407.0
153.0 -360.0
-44.0 -14.0
-111.0 164.0
464.0 -400.0
193.0 242.0
12.0 -297.0
13.0 -40.0
-353.0 287.0
444.0 -71.0
166.0 60.0
289.0 420.0
-71.0 143.0
-191.0 276.0
73.0 -150.0
-156.0 -209.0
223.0 423.0
432.0 -352.0
-50.0 -302.0
390.0 -42.0
-216.0 353.0
-32.0 -429.0
-104.0 32.0
-290.0 184.0
-147.0 414.0
225.0 419.0
-376.0 343.0
235.0 -446.0
500.0 307.0
-428.0 -381.0
-213.0 409.0
-367.0 -287.0
162.0 113.0
-31.0 -101.0
330.0 -409.0
49.0 -384.0
-71.0 371.0
-472.0 18.0
370.0 36.0
-152.0 -214.0
-59.0 208.0
183.0 221.0
420.0 -463.0
2.0 -374.0
-330.0 71.0
384.0 13.0
414.0 325.0
201.0 55.0
165.0 435.0
-306.0 -209.0
-356.0 228.0
307.0 -485.0
57.0 -493.0
79.0 326.0
3.0 129.0
-188.0 2.0
-187.0 304.0
423.0 436.0
50.0 448.0
314.0 109.0
-64.0 278.0
-415.0 -142.0
224.0 341.0
-122.0 -312.0
-141.0 63.0
-350.0 242.0
207.0 498.0
-111.0 -152.0
-138.0 -27.0
