4
125
-69.0 485.0
-180.0 -152.0
-235.0 -292.0
-418.0 -338.0
-78.0 -139.0
-270.0 -473.0
306.0 -42.0
-236.0 23.0
-161.0 227.0
-268.0 198.0
183.0 389.0
-458.0 368.0
35.0 122.0
-241.0 -71.0
-423.0 123.0
-156.0 -325.0
358.0 -303.0
333.0 23.0
492.0 419.0
-425.0 -324.0
-172.0 -470.0
-58.0 136.0
73.0 -179.0
-335.0 415.0
422.0 -474.0
110.0 -387.0
-379.0 -75.0
75.0 271.0
-185.0 37.0
108.0 -18.0
369.0 -306.0
-81.0 -297.0
-385.0 -48.0
491.0 474.0
58.0 -70.0
253.0 -262.0
-391.0 294.0
-29.0 6.0
-142.0 197.0
-270.0 -55.0
-483.0 339.0
458.0 -96.0
408.0 237.0
-327.0 -56.0
-105.0 -38.0
265.0 -490.0
187.0 -132.0
-184.0 -44.0
41.0 -59.0
273.0 371.0
-135.0 -149.0
486.0 -456.0
-252.0 -192.0
-89.0 222.0
-481.0 52.0
-213.0 -286.0
-83.0 -174.0
275.0 216.0
-232.0 6.0
-233.0 -130.0
-257.0 464.0
450.0 -311.0
334.0 -205.0
-156.0 -193.0
-253.0 -95.0
392.0 -225.0
-473.0 193.0
-105.0 -444.0
154.0 101.0
303.0 -237.0
149.0 276.0
49.0 -340.0
157.0 -294.0
372.0 451.0
410.0 155.0
-86.0 -173.0
-291.0 -182.0
-151.0 -107.0
283.0 -309.0
83.0 286.0
-406.0 174.0
-334.0 -409.0
-302.0 42.0
451.0 274.0
-267.0 300.0
256.0 444.0
93.0 409.0
-111.0 102.0
286.0 -118.0
228.0 314.0
120.0 83.0
261.0 217.0
-80.0 -442.0
-363.0 -215.0
244.0 272.0
17.0 -318.0
22.0 -332.0
-392.0 -393.0
-42.0 456.0
-30.0 454.0
147.0 139.0
-195.0 -61.0
-7.0 -164.0
-50.0 420.0
-449.0 -280.0
151.0 -457.0
-344.0 -326.0
-347.0 -439.0
13.0 90.0
370.0 167.0
334.0 -348.0
-288.0 5.0
411.0 -164.0
-266.0 67.0
297.0 198.0
416.0 -90.0
486.0 48.0
393.0 320.0
-234.0 333.0
-422.0 -156.0
-9.0 485.0
-93.0 -410.0
478.0 -88.0
57.0 -35.0
74.0 226.0
125
375.0 488.0
261.0 235.0
499.0 388.0
-10.0 -355.0
100.0 -48.0
313.0 -418.0
25.0 -261.0
-320.0 493.0
-236.0 -340.0
-360.0 -246.0
147.0 339.0
-489.0 -293.0
126.0 98.0
0.0 42.0
421.0 -470.0
16.0 -141.0
-414.0 -474.0
-191.0 -53.0
-44.0 496.0
38.0 157.0
-271.0 -111.0
-498.0 -342.0
379.0 -50.0
-238.0 -492.0
-256.0 11.0
-74.0 -294.0
-484.0 -200.0
-213.0 -354.0
268.0 355.0
377.0 126.0
260.0 -331.0
-223.0 -203.0
-216.0 41.0
303.0 -70.0
348.0 123.0
-131.0 -224.0
-212.0 -335.0
-477.0 -163.0
-153.0 -470.0
-238.0 -122.0
-342.0 -18.0
82.0 427.0
-358.0 46.0
-358.0 -400.0
-10.0 408.0
438.0 -31.0
165.0 -418.0
296.0 180.0
420.0 485.0
274.0 225.0
101.0 91.0
34.0 75.0
267.0 -247.0
-307.0 307.0
-254.0 464.0
-142.0 331.0
-443.0 393.0
341.0 -191.0
-442.0 -23.0
108.0 317.0
360.0 -168.0
-167.0 447.0
-472.0 -134.0
-33.0 375.0
289.0 -375.0
245.0 179.0
228.0 114.0
459.0 371.0
101.0 477.0
305.0 -344.0
96.0 5.0
-307.0 407.0
-284.0 -187.0
-128.0 -443.0
-301.0 -403.0
492.0 95.0
176.0 482.0
-213.0 127.0
-480.0 -463.0
-355.0 240.0
-482.0 -354.0
-275.0 489.0
-242.0 257.0
-206.0 425.0
281.0 388.0
113.0 314.0
412.0 -292.0
181.0 -442.0
449.0 -499.0
272.0 322.0
-278.0 -27.0
-340.0 373.0
287.0 30.0
-392.0 -391.0
150.0 13.0
-309.0 -169.0
-320.0 491.0
-65.0 -126.0
-168.0 228.0
178.0 -345.0
-394.0 53.0
-374.0 -76.0
-7.0 -86.0
91.0 306.0
-245.0 390.0
135.0 -405.0
-136.0 -101.0
37.0 232.0
326.0 -102.0
-330.0 -14.0
-382.0 45.0
-383.0 45.0
387.0 -139.0
-256.0 401.0
257.0 414.0
491.0 -221.0
436.0 146.0
-121.0 -362.0
-39.0 -454.0
-420.0 329.0
-100.0 65.0
-296.0 119.0
-33.0 -484.0
113.0 -294.0
437.0 -121.0
125
497.0 423.0
310.0 -442.0
-361.0 -386.0
81.0 157.0
411.0 -118.0
98.0 493.0
-253.0 -99.0
317.0 470.0
-455.0 -343.0
182.0 293.0
-110.0 291.0
-111.0 -188.0
-383.0 -253.0
-120.0 83.0
437.0 -300.0
-268.0 -230.0
34.0 158.0
407.0 -209.0
360.0 -262.0
-376.0 300.0
152.0 96.0
-465.0 207.0
193.0 479.0
234.0 -474.0
-73.0 -244.0
-478.0 -313.0
386.0 77.0
196.0 176.0
-417.0 125.0
70.0 309.0
-399.0 226.0
-329.0 -441.0
113.0 86.0
-370.0 210.0
421.0 -172.0
-376.0 332.0
140.0 151.0
92.0 239.0
-233.0 -330.0
-131.0 -363.0
-103.0 -254.0
-45.0 -9.0
-21.0 442.0
142.0 219.0
300.0 -262.0
466.0 471.0
292.0 277.0
447.0 -174.0
-473.0 147.0
-281.0 -350.0
474.0 197.0
-472.0 -482.0
81.0 121.0
-144.0 -139.0
207.0 -447.0
421.0 -251.0
-451.0 -69.0
199.0 411.0
-416.0 468.0
78.0 216.0
364.0 263.0
251.0 405.0
436.0 479.0
-53.0 489.0
-277.0 -81.0
-499.0 221.0
327.0 339.0
498.0 -292.0
-225.0 2.0
-239.0 -384.0
-202.0 105.0
361.0 407.0
-338.0 415.0
53.0 373.0
121.0 39.0
454.0 479.0
-472.0 190.0
232.0 411.0
243.0 207.0
246.0 292.0
8.0 158.0
130.0 363.0
10.0 -255.0
481.0 167.0
96.0 -457.0
-1.0 -394.0
-272.0 -325.0
340.0 -335.0
111.0 414.0
453.0 -354.0
-298.0 -484.0
-406.0 -100.0
97.0 222.0
209.0 278.0
208.0 -121.0
-340.0 493.0
50.0 84.0
-135.0 435.0
142.0 -444.0
465.0 -170.0
482.0 392.0
356.0 -16.0
-86.0 -153.0
301.0 -88.0
368.0 182.0
-50.0 -312.0
-406.0 354.0
-317.0 -339.0
411.0 160.0
-378.0 466.0
74.0 248.0
278.0 51.0
7.0 -68.0
-67.0 385.0
-61.0 -330.0
155.0 353.0
-204.0 -262.0
436.0 498.0
-48.0 232.0
-294.0 256.0
-251.0 -65.0
-452.0 470.0
444.0 -17.0
222.0 -170.0
-106.0 422.0
125
-411.0 295.0
-416.0 413.0
-125.0 -54.0
-301.0 393.0
159.0 -436.0
229.0 75.0
-170.0 259.0
216.0 124.0
-498.0 100.0
-433.0 -39.0
297.0 209.0
-254.0 -445.0
-192.0 98.0
-347.0 -428.0
467.0 122.0
164.0 292.0
-181.0 -281.0
470.0 212.0
261.0 380.0
7.0 472.0
-462.0 317.0
54.0 -296.0
160.0 -114.0
407.0 196.0
-320.0 133.0
339.0 52.0
429.0 -379.0
241.0 372.0
-379.0 35.0
-194.0 197.0
488.0 385.0
99.0 -304.0
173.0 -2.0
-359.0 404.0
131.0 104.0
-115.0 395.0
-57.0 -68.0
327.0 -245.0
-337.0 204.0
287.0 -47.0
-6.0 53.0
-87.0 151.0
-152.0 -298.0
290.0 3.0
-223.0 413.0
84.0 -261.0
131.0 -489.0
-262.0 -423.0
-4.0 -195.0
-350.0 398.0
-177.0 257.0
202.0 407.0
157.0 387.0
4.0 152.0
-4.0 341.0
-469.0 301.0
184.0 -225.0
-159.0 -363.0
309.0 -227.0
-492.0 -467.0
484.0 128.0
-305.0 -432.0
-410.0 100.0
192.0 113.0
187.0 -319.0
135.0 83.0
184.0 204.0
-4.0 220.0
-212.0 -7.0
297.0 162.0
-277.0 192.0
-53.0 -298.0
-414.0 453.0
260.0 16.0
-311.0 -443.0
241.0 -113.0
130.0 -406.0
-127.0 -301.0
-439.0 -404.0
-163.0 -10.0
-476.0 122.0
245.0 16.0
244.0 120.0
31.0 -281.0
187.0 383.0
-222.0 219.0
353.0 -88.0
-465.0 265.0
-340.0 215.0
-3.0 -450.0
-117.0 113.0
-26.0 -275.0
-475.0 -326.0
-53.0 -321.0
118.0 442.0
291.0 -76.0
497.0 -49.0
493.0 107.0
171.0 -192.0
483.0 -428.0
468.0 411.0
-152.0 154.0
-329.0 421.0
-254.0 -266.0
117.0 -77.0
135.0 188.0
230.0 -289.0
278.0 362.0
-484.0 -14.0
430.0 -435.0
-303.0 262.0
-53.0 424.0
-379.0 -455.0
94.0 -263.0
13.0 -44.0
114.0 118.0
80.0 495.0
-102.0 -141.0
-293.0 294.0
-138.0 -244.0
-77.0 401.0
434.0 -216.0
251.0 -462.0
144.0 -320.0
-419.0 -249.0
