10
600
166.0 351.0
189.0 -64.0
315.0 -383.0
-243.0 -472.0
-436.0 -438.0
-11.0 83.0
-47.0 415.0
115.0 292.0
14.0 -265.0
-162.0 363.0
445.0 -76.0
470.0 442.0
200.0 -174.0
265.0 402.0
215.0 -204.0
-356.0 -185.0
226.0 -344.0
258.0 -76.0
49.0 -169.0
31.0 244.0
-143.0 -180.0
-53.0 -368.0
-175.0 -115.0
282.0 271.0
373.0 365.0
5.0 394.0
-254.0 -294.0
411.0 329.0
57.0 -345.0
24.0 362.0
-339.0 387.0
342.0 262.0
-279.0 265.0
-166.0 228.0
-477.0 -114.0
299.0 -161.0
-410.0 -462.0
379.0 482.0
-301.0 26.0
-139.0 -307.0
-200.0 485.0
480.0 -138.0
-217.0 497.0
428.0 389.0
326.0 -285.0
136.0 -130.0
358.0 -197.0
461.0 -450.0
-236.0 -81.0
392.0 -158.0
482.0 440.0
482.0 -477.0
-454.0 -450.0
110.0 -321.0
-405.0 486.0
123.0 -165.0
216.0 -414.0
372.0 66.0
-108.0 146.0
-304.0 93.0
-7.0 -173.0
-305.0 -258.0
-254.0 -122.0
210.0 376.0
-381.0 489.0
-272.0 -139.0
-265.0 487.0
-236.0 -184.0
-176.0 210.0
-87.0 -272.0
-237.0 -92.0
-429.0 479.0
206.0 235.0
292.0 -165.0
454.0 -250.0
330.0 391.0
-276.0 -185.0
348.0 331.0
408.0 -282.0
257.0 -141.0
-118.0 -76.0
267.0 -17.0
-459.0 -351.0
-490.0 -276.0
240.0 -471.0
363.0 -118.0
-244.0 -98.0
-323.0 -445.0
64.0 -281.0
-116.0 406.0
-210.0 -279.0
89.0 -136.0
-364.0 310.0
444.0 79.0
-235.0 147.0
224.0 -457.0
72.0 315.0
242.0 428.0
311.0 245.0
-144.0 -393.0
-249.0 -354.0
35.0 420.0
-409.0 364.0
190.0 -239.0
-210.0 -407.0
-438.0 488.0
338.0 -154.0
-259.0 -495.0
-99.0 -246.0
152.0 -189.0
-348.0 -83.0
469.0 -323.0
-230.0 52.0
-486.0 -465.0
253.0 151.0
323.0 96.0
78.0 -117.0
198.0 135.0
331.0 201.0
73.0 -485.0
330.0 30.0
-13.0 459.0
-342.0 -73.0
178.0 -467.0
50.0 455.0
-169.0 -57.0
-229.0 127.0
-294.0 311.0
-425.0 -77.0
317.0 -181.0
469.0 -332.0
-197.0 388.0
131.0 376.0
22.0 -32.0
230.0 263.0
484.0 -479.0
-461.0 352.0
303.0 -121.0
-441.0 165.0
-163.0 -1.0
-324.0 -257.0
-468.0 -271.0
-135.0 -250.0
-307.0 -252.0
46.0 169.0
-292.0 103.0
95.0 110.0
-20.0 159.0
-47.0 -389.0
24.0 441.0
-1.0 -331.0
368.0 -256.0
472.0 125.0
490.0 228.0
192.0 300.0
-218.0 127.0
-192.0 36.0
127.0 -487.0
-307.0 -117.0
-16.0 -188.0
-389.0 104.0
-16.0 353.0
-350.0 -235.0
-469.0 -13.0
-393.0 -16.0
341.0 -278.0
8.0 116.0
192.0 147.0
-16.0 -190.0
479.0 341.0
-31.0 -61.0
-329.0 -494.0
458.0 -139.0
30.0 81.0
-276.0 -372.0
496.0 398.0
-193.0 -38.0
-80.0 260.0
-37.0 -416.0
111.0 242.0
-492.0 -121.0
-55.0 17.0
-230.0 -432.0
129.0 373.0
-74.0 57.0
5.0 299.0
233.0 -119.0
-241.0 339.0
88.0 -165.0
339.0 421.0
-436.0 -341.0
249.0 137.0
62.0 39.0
144.0 236.0
-217.0 -273.0
495.0 -123.0
78.0 -305.0
-388.0 -257.0
351.0 -202.0
-476.0 -120.0
-212.0 88.0
-331.0 19.0
191.0 15.0
203.0 385.0
-148.0 -372.0
74.0 423.0
176.0 -136.0
226.0 -492.0
-112.0 -250.0
104.0 -82.0
-284.0 187.0
-286.0 448.0
-300.0 411.0
428.0 353.0
384.0 62.0
-160.0 45.0
228.0 53.0
-92.0 -482.0
-409.0 -31.0
-245.0 -436.0
-22.0 -434.0
154.0 -494.0
-32.0 267.0
68.0 -21.0
-111.0 491.0
-147.0 153.0
-205.0 287.0
6.0 -421.0
465.0 292.0
52.0 222.0
-459.0 -298.0
-224.0 450.0
-453.0 -397.0
-306.0 -99.0
92.0 -116.0
26.0 431.0
171.0 374.0
340.0 -165.0
319.0 -397.0
298.0 -171.0
-99.0 290.0
291.0 -26.0
-178.0 413.0
-219.0 348.0
263.0 -449.0
231.0 67.0
-11.0 -186.0
114.0 -144.0
-293.0 -82.0
7.0 -232.0
-129.0 493.0
170.0 281.0
169.0 162.0
-345.0 282.0
342.0 288.0
-386.0 464.0
190.0 185.0
-500.0 344.0
105.0 -454.0
-164.0 493.0
-458.0 225.0
210.0 477.0
-234.0 70.0
-258.0 438.0
392.0 -147.0
-46.0 -413.0
159.0 -404.0
243.0 -154.0
-181.0 -200.0
-449.0 62.0
-458.0 -9.0
83.0 -281.0
-356.0 -88.0
195.0 215.0
220.0 398.0
256.0 -211.0
-203.0 439.0
306.0 210.0
-77.0 381.0
396.0 225.0
-467.0 -293.0
-43.0 -127.0
203.0 162.0
373.0 305.0
494.0 230.0
-287.0 -21.0
-273.0 63.0
333.0 -352.0
-213.0 -366.0
462.0 -41.0
-159.0 -194.0
86.0 77.0
-61.0 -232.0
318.0 462.0
339.0 -151.0
342.0 368.0
-443.0 426.0
372.0 16.0
188.0 86.0
349.0 180.0
19.0 362.0
371.0 391.0
254.0 85.0
-438.0 -73.0
158.0 381.0
12.0 -269.0
364.0 79.0
-193.0 299.0
399.0 -260.0
257.0 354.0
156.0 -344.0
-363.0 433.0
497.0 490.0
165.0 154.0
-226.0 -314.0
-492.0 -56.0
322.0 262.0
177.0 -432.0
465.0 -326.0
-132.0 -499.0
132.0 200.0
430.0 -14.0
-304.0 244.0
-300.0 214.0
428.0 280.0
125.0 154.0
-415.0 -62.0
336.0 230.0
52.0 312.0
38.0 -157.0
-41.0 413.0
-364.0 372.0
-24.0 -255.0
45.0 -133.0
8.0 -127.0
-150.0 14.0
-263.0 -196.0
45.0 -329.0
-403.0 494.0
-358.0 -437.0
210.0 -165.0
-55.0 -500.0
87.0 -272.0
163.0 -337.0
202.0 489.0
48.0 -65.0
-443.0 -473.0
-125.0 418.0
390.0 410.0
-203.0 495.0
-142.0 -288.0
-416.0 317.0
-332.0 379.0
390.0 450.0
165.0 -285.0
109.0 -308.0
316.0 -252.0
466.0 431.0
233.0 -107.0
102.0 343.0
-462.0 -372.0
-387.0 14.0
-59.0 1.0
244.0 -454.0
138.0 475.0
72.0 -282.0
-450.0 -422.0
452.0 66.0
217.0 198.0
414.0 -427.0
442.0 99.0
49.0 -84.0
-420.0 94.0
-133.0 250.0
-264.0 -73.0
492.0 -387.0
-230.0 -135.0
-366.0 -198.0
-467.0 136.0
261.0 299.0
-97.0 -249.0
-500.0 223.0
-44.0 163.0
167.0 -291.0
-281.0 -52.0
-129.0 -201.0
238.0 390.0
-172.0 -494.0
-197.0 -27.0
-373.0 227.0
-177.0 254.0
438.0 -133.0
165.0 -397.0
58.0 -468.0
-194.0 105.0
395.0 281.0
-102.0 -289.0
70.0 -275.0
-201.0 -412.0
-438.0 420.0
63.0 385.0
-403.0 272.0
-253.0 -472.0
-260.0 -333.0
-223.0 -411.0
-20.0 175.0
245.0 389.0
432.0 143.0
187.0 218.0
-185.0 -44.0
27.0 -3.0
474.0 -54.0
-25.0 392.0
-6.0 -9.0
-181.0 265.0
-470.0 15.0
181.0 242.0
-165.0 -43.0
-370.0 390.0
23.0 -50.0
71.0 23.0
-301.0 -188.0
-433.0 -146.0
-440.0 -246.0
433.0 -1.0
21.0 -46.0
57.0 -245.0
-83.0 481.0
179.0 161.0
-88.0 484.0
-436.0 231.0
-451.0 -395.0
438.0 404.0
470.0 -380.0
43.0 -242.0
321.0 51.0
59.0 -156.0
-211.0 223.0
-231.0 328.0
-255.0 285.0
467.0 141.0
29.0 387.0
331.0 -357.0
-232.0 108.0
-430.0 -50.0
-333.0 344.0
390.0 8.0
133.0 371.0
-62.0 236.0
-302.0 -445.0
344.0 482.0
327.0 -170.0
100.0 435.0
21.0 -138.0
-393.0 -453.0
63.0 25.0
35.0 -433.0
271.0 -74.0
-307.0 -173.0
-360.0 495.0
-435.0 407.0
130.0 314.0
-225.0 164.0
-281.0 -307.0
276.0 -274.0
61.0 -441.0
389.0 475.0
330.0 93.0
20.0 77.0
-223.0 304.0
-273.0 137.0
-430.0 43.0
83.0 430.0
47.0 75.0
-52.0 166.0
-17.0 26.0
268.0 -107.0
-193.0 -418.0
-470.0 377.0
246.0 269.0
-212.0 -121.0
381.0 -178.0
27.0 355.0
-202.0 -118.0
-8.0 -106.0
-105.0 -425.0
-291.0 430.0
455.0 -51.0
339.0 -162.0
316.0 -93.0
159.0 -166.0
131.0 -25.0
-93.0 -104.0
-492.0 -394.0
-119.0 450.0
-360.0 234.0
430.0 -34.0
207.0 204.0
-432.0 -135.0
-66.0 -217.0
339.0 412.0
-118.0 -286.0
473.0 50.0
451.0 461.0
-183.0 -374.0
433.0 -449.0
379.0 138.0
-197.0 54.0
263.0 -278.0
-280.0 223.0
-427.0 145.0
353.0 -450.0
388.0 -421.0
-209.0 -336.0
-70.0 152.0
279.0 282.0
250.0 -32.0
365.0 -399.0
-3.0 29.0
268.0 -445.0
-7.0 207.0
-14.0 -447.0
453.0 389.0
-60.0 -442.0
160.0 -254.0
342.0 270.0
-142.0 -352.0
450.0 -246.0
-474.0 16.0
11.0 229.0
-281.0 -20.0
-493.0 264.0
282.0 281.0
-152.0 330.0
168.0 -76.0
-92.0 -326.0
-423.0 383.0
-138.0 263.0
136.0 -403.0
-322.0 -12.0
-171.0 291.0
-414.0 286.0
58.0 448.0
-114.0 50.0
194.0 -6.0
480.0 -358.0
347.0 -262.0
-496.0 -94.0
-296.0 -54.0
-468.0 -81.0
178.0 377.0
372.0 -494.0
493.0 -361.0
207.0 209.0
155.0 223.0
-265.0 90.0
489.0 -358.0
178.0 -79.0
67.0 424.0
183.0 -458.0
-285.0 383.0
25.0 -500.0
-179.0 369.0
408.0 -317.0
-157.0 -139.0
-383.0 179.0
-100.0 -87.0
494.0 135.0
-220.0 81.0
-189.0 494.0
131.0 433.0
-449.0 146.0
-136.0 -301.0
-54.0 -471.0
-180.0 -130.0
228.0 119.0
-294.0 123.0
-481.0 -33.0
489.0 170.0
1.0 -69.0
499.0 -349.0
-205.0 -385.0
428.0 37.0
-71.0 -164.0
-460.0 -398.0
-189.0 452.0
483.0 492.0
461.0 460.0
293.0 -134.0
-79.0 -138.0
-443.0 488.0
456.0 -148.0
-320.0 -69.0
-366.0 374.0
-214.0 446.0
-222.0 -463.0
-458.0 253.0
-72.0 107.0
-123.0 -290.0
271.0 97.0
600
-50.0 118.0
-45.0 -328.0
90.0 -104.0
309.0 -452.0
-430.0 -160.0
324.0 -103.0
-116.0 -449.0
155.0 47.0
251.0 495.0
-303.0 -65.0
-230.0 -45.0
343.0 -377.0
171.0 -109.0
324.0 -386.0
468.0 -423.0
-68.0 122.0
-451.0 238.0
13.0 117.0
445.0 -51.0
-67.0 222.0
-84.0 -168.0
114.0 50.0
251.0 358.0
255.0 -331.0
163.0 451.0
-63.0 336.0
349.0 431.0
173.0 224.0
273.0 136.0
-226.0 192.0
-307.0 -401.0
474.0 -213.0
323.0 -384.0
87.0 -94.0
-216.0 -158.0
116.0 -88.0
-55.0 -251.0
-191.0 -339.0
393.0 -88.0
63.0 -121.0
-71.0 171.0
304.0 158.0
-161.0 365.0
208.0 404.0
-378.0 423.0
143.0 -327.0
-90.0 273.0
6.0 -215.0
-149.0 444.0
208.0 448.0
-23.0 484.0
-80.0 35.0
-30.0 414.0
-192.0 232.0
161.0 145.0
248.0 -306.0
436.0 95.0
47.0 -88.0
67.0 251.0
447.0 304.0
321.0 -275.0
79.0 -366.0
281.0 -299.0
5.0 -24.0
292.0 -460.0
-401.0 437.0
361.0 82.0
-118.0 -160.0
-409.0 -238.0
-30.0 339.0
40.0 -188.0
-55.0 -74.0
6.0 -287.0
341.0 -304.0
-365.0 -222.0
-206.0 246.0
-476.0 484.0
-236.0 -112.0
-128.0 -340.0
-285.0 -367.0
185.0 -414.0
-160.0 64.0
499.0 -392.0
130.0 -324.0
297.0 387.0
80.0 -176.0
-196.0 -149.0
23.0 -432.0
-183.0 -129.0
-182.0 462.0
-254.0 491.0
-22.0 -101.0
133.0 -417.0
-380.0 -55.0
-28.0 492.0
-65.0 -110.0
-218.0 -285.0
-375.0 332.0
347.0 15.0
438.0 -263.0
217.0 -429.0
-487.0 -81.0
-298.0 361.0
395.0 353.0
-295.0 -280.0
-79.0 -103.0
334.0 150.0
-284.0 136.0
-412.0 371.0
422.0 84.0
476.0 325.0
148.0 -3.0
297.0 495.0
46.0 409.0
-42.0 56.0
130.0 470.0
-348.0 84.0
290.0 -247.0
498.0 -453.0
-216.0 469.0
-153.0 -79.0
-152.0 -378.0
-89.0 -99.0
337.0 -200.0
345.0 -127.0
-378.0 -386.0
-113.0 35.0
-7.0 255.0
-452.0 -359.0
371.0 474.0
136.0 -408.0
300.0 -87.0
297.0 -86.0
364.0 149.0
-452.0 -148.0
497.0 292.0
-319.0 -55.0
-63.0 64.0
184.0 -424.0
-43.0 4.0
430.0 -259.0
-380.0 380.0
-3.0 446.0
-487.0 290.0
280.0 118.0
-178.0 -371.0
-458.0 287.0
260.0 5.0
451.0 -240.0
-485.0 322.0
309.0 -31.0
-89.0 -348.0
-358.0 -215.0
-425.0 188.0
308.0 -113.0
-335.0 -53.0
-151.0 181.0
456.0 283.0
396.0 -101.0
75.0 455.0
80.0 -24.0
-214.0 -351.0
-471.0 99.0
-68.0 131.0
410.0 -144.0
-454.0 8.0
64.0 -197.0
-466.0 -407.0
347.0 304.0
-314.0 303.0
295.0 -315.0
-151.0 339.0
304.0 -37.0
454.0 -336.0
-241.0 -408.0
-116.0 138.0
-437.0 -114.0
-393.0 -339.0
-425.0 -75.0
321.0 23.0
220.0 -227.0
416.0 134.0
-490.0 88.0
483.0 -269.0
375.0 -470.0
-17.0 399.0
365.0 406.0
-435.0 450.0
-404.0 -4.0
-235.0 496.0
-346.0 -79.0
-423.0 -56.0
432.0 31.0
-394.0 214.0
374.0 -33.0
-409.0 75.0
373.0 -436.0
-277.0 -19.0
-373.0 -274.0
109.0 329.0
-44.0 -95.0
245.0 186.0
388.0 213.0
-366.0 -345.0
127.0 28.0
-379.0 -215.0
-112.0 -434.0
187.0 16.0
-1.0 139.0
-250.0 98.0
-244.0 253.0
-50.0 202.0
-45.0 35.0
-391.0 120.0
303.0 -70.0
467.0 -9.0
256.0 236.0
158.0 45.0
90.0 304.0
261.0 -80.0
438.0 381.0
249.0 -42.0
369.0 -104.0
-239.0 16.0
-471.0 -428.0
243.0 190.0
-434.0 -360.0
-111.0 -321.0
-202.0 -493.0
-379.0 381.0
209.0 327.0
-244.0 -474.0
-128.0 216.0
-305.0 -12.0
-401.0 -147.0
-476.0 -48.0
-181.0 -257.0
-269.0 -457.0
55.0 -25.0
-144.0 224.0
178.0 -41.0
312.0 -271.0
144.0 -408.0
233.0 -402.0
-349.0 -200.0
454.0 -12.0
-56.0 309.0
-229.0 125.0
-67.0 -410.0
-13.0 221.0
-318.0 -179.0
-367.0 194.0
-159.0 -401.0
-224.0 -417.0
-423.0 -430.0
369.0 79.0
223.0 165.0
435.0 473.0
-383.0 -390.0
480.0 -395.0
5.0 309.0
-353.0 324.0
-111.0 362.0
-153.0 71.0
328.0 99.0
42.0 -46.0
458.0 -480.0
422.0 -423.0
-280.0 -270.0
328.0 -490.0
239.0 225.0
-321.0 -323.0
-23.0 435.0
-67.0 -498.0
-139.0 405.0
-154.0 421.0
-495.0 -177.0
336.0 338.0
-203.0 -207.0
-20.0 -285.0
387.0 150.0
41.0 390.0
305.0 -45.0
-351.0 260.0
-128.0 -92.0
169.0 -444.0
6.0 490.0
55.0 -351.0
152.0 462.0
-270.0 -179.0
326.0 -66.0
182.0 175.0
-460.0 349.0
481.0 -179.0
287.0 -96.0
-153.0 -338.0
138.0 244.0
-329.0 -32.0
273.0 -402.0
79.0 81.0
-267.0 415.0
148.0 -368.0
-166.0 -196.0
-134.0 38.0
171.0 -257.0
-248.0 -416.0
-482.0 -372.0
301.0 -251.0
-79.0 104.0
307.0 285.0
-208.0 500.0
415.0 162.0
-387.0 20.0
458.0 -157.0
-244.0 309.0
123.0 235.0
-12.0 -470.0
-254.0 -355.0
231.0 220.0
232.0 497.0
163.0 -199.0
-172.0 -214.0
-386.0 -192.0
-2.0 -95.0
218.0 238.0
335.0 -128.0
326.0 -403.0
-220.0 450.0
-174.0 -198.0
359.0 -485.0
491.0 -105.0
466.0 -351.0
301.0 402.0
448.0 192.0
-273.0 -275.0
-153.0 420.0
-174.0 116.0
-204.0 -424.0
-295.0 167.0
441.0 428.0
217.0 56.0
27.0 146.0
-258.0 145.0
-319.0 354.0
-98.0 -69.0
-32.0 206.0
-368.0 106.0
-461.0 -183.0
-409.0 -180.0
-467.0 -290.0
294.0 -394.0
-142.0 446.0
93.0 -283.0
10.0 -471.0
244.0 129.0
309.0 96.0
-183.0 339.0
-198.0 -431.0
-120.0 368.0
95.0 151.0
135.0 444.0
-222.0 -458.0
200.0 179.0
410.0 121.0
-114.0 -17.0
-193.0 -4.0
293.0 -203.0
-179.0 392.0
-84.0 -412.0
-172.0 -205.0
190.0 387.0
-26.0 399.0
-381.0 -2.0
40.0 392.0
120.0 -81.0
7.0 -201.0
-175.0 -22.0
332.0 -187.0
-87.0 489.0
213.0 447.0
238.0 180.0
-450.0 484.0
-14.0 390.0
453.0 -331.0
200.0 -71.0
-482.0 497.0
-323.0 438.0
-230.0 -392.0
-305.0 246.0
414.0 -497.0
64.0 -267.0
298.0 -109.0
-438.0 324.0
-157.0 -493.0
-182.0 -326.0
-198.0 72.0
202.0 -432.0
408.0 85.0
-334.0 362.0
131.0 250.0
484.0 19.0
-141.0 -246.0
-260.0 498.0
103.0 -135.0
-179.0 -117.0
375.0 6.0
9.0 84.0
143.0 156.0
461.0 -77.0
-389.0 57.0
71.0 239.0
341.0 -293.0
430.0 323.0
-227.0 238.0
-381.0 -81.0
145.0 429.0
-211.0 373.0
-214.0 -368.0
-75.0 167.0
-396.0 -59.0
424.0 103.0
148.0 37.0
-149.0 -70.0
-56.0 264.0
-242.0 263.0
140.0 -249.0
-193.0 -398.0
-56.0 391.0
315.0 129.0
274.0 -112.0
293.0 198.0
329.0 454.0
-478.0 -88.0
-183.0 -496.0
-420.0 -435.0
-378.0 340.0
-165.0 461.0
426.0 -313.0
-363.0 47.0
-475.0 -17.0
-348.0 355.0
-83.0 -249.0
-491.0 -58.0
-436.0 110.0
5.0 116.0
64.0 -420.0
-58.0 -117.0
-18.0 -220.0
61.0 -133.0
-439.0 -87.0
-78.0 -199.0
184.0 101.0
-291.0 346.0
63.0 -93.0
-17.0 74.0
-377.0 -62.0
-382.0 423.0
28.0 -136.0
-102.0 106.0
-79.0 -295.0
5.0 253.0
445.0 -82.0
256.0 -86.0
377.0 -158.0
425.0 130.0
-93.0 -157.0
51.0 377.0
-379.0 -265.0
-154.0 -299.0
192.0 -81.0
317.0 388.0
31.0 122.0
-209.0 -285.0
-133.0 276.0
-456.0 -81.0
-124.0 -41.0
492.0 388.0
-62.0 393.0
193.0 -5.0
2.0 192.0
342.0 -324.0
-256.0 494.0
469.0 295.0
-197.0 -75.0
-478.0 19.0
446.0 269.0
140.0 -427.0
377.0 437.0
-115.0 412.0
-12.0 107.0
312.0 -448.0
-58.0 -387.0
294.0 247.0
-175.0 -240.0
422.0 9.0
-5.0 260.0
144.0 -117.0
300.0 -314.0
-237.0 -42.0
142.0 -206.0
-209.0 202.0
308.0 -28.0
234.0 159.0
174.0 252.0
-318.0 163.0
-402.0 441.0
214.0 -4.0
-133.0 -258.0
-27.0 137.0
-477.0 476.0
40.0 387.0
-4.0 9.0
-147.0 88.0
97.0 -204.0
343.0 -152.0
248.0 -2.0
-135.0 -415.0
75.0 155.0
409.0 82.0
-441.0 -164.0
-416.0 191.0
-433.0 -327.0
148.0 -304.0
270.0 -27.0
-440.0 348.0
-360.0 -335.0
345.0 454.0
446.0 -367.0
396.0 -127.0
66.0 -46.0
129.0 154.0
-299.0 134.0
-286.0 -189.0
330.0 236.0
-17.0 -208.0
278.0 85.0
118.0 -110.0
-215.0 -84.0
445.0 387.0
-406.0 464.0
-322.0 -71.0
-304.0 -238.0
435.0 -196.0
318.0 -287.0
-465.0 150.0
196.0 -114.0
427.0 180.0
400.0 424.0
22.0 484.0
-146.0 398.0
-372.0 -258.0
447.0 -251.0
-268.0 459.0
318.0 437.0
206.0 -401.0
351.0 -338.0
-209.0 449.0
-478.0 289.0
164.0 -128.0
-256.0 -448.0
48.0 346.0
-195.0 373.0
-155.0 -72.0
439.0 -107.0
456.0 -475.0
-159.0 116.0
342.0 -378.0
-366.0 -189.0
80.0 387.0
305.0 -149.0
15.0 380.0
54.0 347.0
-383.0 -387.0
121.0 230.0
315.0 -316.0
-309.0 -413.0
-348.0 314.0
493.0 -216.0
477.0 175.0
-467.0 -495.0
-9.0 390.0
170.0 -405.0
-271.0 83.0
429.0 122.0
-245.0 -233.0
-31.0 -444.0
-212.0 300.0
-23.0 -181.0
270.0 -340.0
310.0 -54.0
287.0 -488.0
146.0 -159.0
419.0 492.0
-180.0 309.0
-280.0 -305.0
284.0 172.0
-321.0 -499.0
-118.0 -179.0
217.0 444.0
-466.0 -115.0
600
206.0 -165.0
-19.0 -288.0
-47.0 -334.0
315.0 -272.0
-52.0 93.0
-280.0 -25.0
-401.0 84.0
49.0 37.0
-341.0 339.0
-56.0 433.0
-144.0 451.0
-293.0 415.0
345.0 197.0
25.0 341.0
305.0 403.0
-487.0 9.0
-375.0 -44.0
-142.0 287.0
-470.0 420.0
-75.0 12.0
293.0 -89.0
26.0 378.0
-470.0 -1.0
-189.0 -447.0
-426.0 -131.0
-475.0 -135.0
-305.0 400.0
194.0 -172.0
91.0 403.0
347.0 -101.0
187.0 434.0
-326.0 -302.0
284.0 220.0
-217.0 59.0
-178.0 387.0
312.0 85.0
-95.0 296.0
116.0 44.0
284.0 262.0
494.0 173.0
448.0 -422.0
-465.0 -212.0
-77.0 91.0
183.0 -112.0
-189.0 362.0
480.0 -424.0
350.0 -417.0
-158.0 144.0
-46.0 -130.0
-366.0 48.0
-29.0 132.0
279.0 -294.0
500.0 -363.0
-470.0 89.0
-43.0 -471.0
-105.0 -162.0
245.0 -257.0
394.0 106.0
206.0 -238.0
-216.0 313.0
378.0 30.0
436.0 -64.0
-85.0 243.0
420.0 -168.0
494.0 -433.0
-426.0 296.0
179.0 -219.0
-27.0 -157.0
-129.0 0.0
-157.0 -408.0
-31.0 -205.0
363.0 355.0
125.0 -203.0
-306.0 11.0
295.0 266.0
-169.0 -430.0
-186.0 350.0
156.0 127.0
-113.0 176.0
-132.0 179.0
-98.0 498.0
158.0 81.0
91.0 -152.0
219.0 -476.0
-119.0 -293.0
-112.0 -429.0
383.0 333.0
136.0 401.0
440.0 49.0
-33.0 313.0
-26.0 -103.0
97.0 454.0
-242.0 439.0
-110.0 6.0
-392.0 -169.0
-119.0 -353.0
-14.0 -240.0
-384.0 462.0
248.0 -297.0
-146.0 319.0
462.0 -491.0
110.0 318.0
-268.0 456.0
415.0 483.0
-208.0 60.0
-203.0 -291.0
-380.0 -92.0
253.0 -203.0
-313.0 -421.0
242.0 -176.0
-279.0 58.0
339.0 177.0
359.0 -156.0
47.0 57.0
-372.0 -345.0
-498.0 -446.0
-429.0 -189.0
3.0 256.0
466.0 -151.0
-358.0 -172.0
276.0 23.0
275.0 432.0
-469.0 193.0
-227.0 61.0
-402.0 340.0
363.0 390.0
206.0 267.0
198.0 -455.0
112.0 -310.0
89.0 280.0
-150.0 -289.0
-411.0 -145.0
-422.0 325.0
177.0 19.0
-46.0 -453.0
-94.0 454.0
-205.0 -194.0
-30.0 -402.0
83.0 251.0
-444.0 21.0
126.0 -38.0
46.0 -496.0
-476.0 443.0
245.0 -311.0
455.0 293.0
495.0 427.0
-368.0 -394.0
-282.0 -168.0
-54.0 449.0
-231.0 127.0
-182.0 -35.0
-290.0 213.0
66.0 -56.0
305.0 176.0
-5.0 -22.0
283.0 -198.0
-274.0 -481.0
116.0 -65.0
-6.0 165.0
78.0 476.0
82.0 -320.0
-183.0 169.0
302.0 139.0
-181.0 -253.0
205.0 111.0
95.0 -129.0
-113.0 494.0
10.0 296.0
342.0 414.0
379.0 -342.0
-298.0 351.0
251.0 269.0
324.0 -385.0
401.0 52.0
-417.0 303.0
-347.0 -429.0
-484.0 19.0
-176.0 332.0
-138.0 -377.0
439.0 121.0
-223.0 -220.0
-216.0 281.0
327.0 -103.0
385.0 -231.0
438.0 -466.0
267.0 -133.0
-472.0 183.0
252.0 -281.0
71.0 -59.0
-141.0 314.0
14.0 -429.0
-10.0 -197.0
42.0 343.0
191.0 -379.0
112.0 415.0
-437.0 -230.0
301.0 8.0
406.0 -412.0
407.0 467.0
492.0 -286.0
-162.0 500.0
393.0 187.0
-392.0 468.0
174.0 -33.0
-256.0 388.0
373.0 404.0
-33.0 -466.0
-121.0 -186.0
-259.0 -189.0
-81.0 -196.0
395.0 178.0
-268.0 -216.0
276.0 6.0
488.0 315.0
-37.0 176.0
-432.0 472.0
437.0 -449.0
-328.0 -240.0
41.0 93.0
-462.0 256.0
-207.0 81.0
-15.0 156.0
-163.0 -371.0
246.0 142.0
204.0 -224.0
494.0 -254.0
185.0 48.0
-223.0 25.0
440.0 201.0
495.0 98.0
350.0 -322.0
-480.0 -172.0
-195.0 423.0
196.0 184.0
196.0 364.0
-141.0 -140.0
-449.0 -339.0
270.0 -343.0
354.0 234.0
-217.0 -16.0
58.0 262.0
311.0 374.0
353.0 -433.0
-79.0 -70.0
-457.0 -242.0
-112.0 -32.0
398.0 -151.0
-15.0 208.0
-203.0 -279.0
226.0 -123.0
-59.0 -81.0
-288.0 316.0
-208.0 182.0
-67.0 148.0
366.0 -388.0
-34.0 64.0
-243.0 405.0
288.0 -365.0
-473.0 34.0
332.0 -381.0
-375.0 76.0
63.0 235.0
179.0 -71.0
438.0 -199.0
294.0 -423.0
111.0 246.0
-453.0 -91.0
-7.0 62.0
232.0 28.0
366.0 -223.0
-499.0 77.0
96.0 -333.0
197.0 433.0
308.0 255.0
44.0 -465.0
76.0 -317.0
-233.0 321.0
306.0 191.0
-404.0 2.0
439.0 20.0
39.0 -448.0
-484.0 200.0
-461.0 328.0
51.0 61.0
-171.0 370.0
136.0 -291.0
288.0 372.0
245.0 301.0
-11.0 23.0
210.0 -80.0
-12.0 132.0
106.0 -96.0
-367.0 253.0
390.0 -119.0
-279.0 47.0
-384.0 115.0
-278.0 118.0
-117.0 111.0
-183.0 223.0
-378.0 201.0
105.0 -371.0
204.0 473.0
-464.0 -313.0
-434.0 137.0
473.0 340.0
7.0 -341.0
298.0 -469.0
-350.0 100.0
447.0 -60.0
259.0 174.0
195.0 497.0
-1.0 -417.0
126.0 -16.0
-487.0 489.0
269.0 -73.0
-280.0 127.0
495.0 -111.0
-321.0 481.0
-117.0 -28.0
413.0 87.0
-238.0 274.0
-113.0 361.0
-434.0 -92.0
429.0 456.0
355.0 -28.0
-104.0 -422.0
364.0 289.0
249.0 41.0
-316.0 266.0
-290.0 14.0
-267.0 -13.0
87.0 172.0
102.0 -398.0
93.0 206.0
-493.0 -448.0
438.0 40.0
315.0 328.0
-427.0 -170.0
303.0 -128.0
31.0 357.0
-181.0 125.0
287.0 -111.0
17.0 268.0
424.0 435.0
-281.0 412.0
268.0 -223.0
-2.0 -498.0
-6.0 -359.0
418.0 474.0
406.0 -16.0
-291.0 -396.0
-264.0 202.0
-386.0 -18.0
-421.0 -131.0
172.0 -382.0
-49.0 -223.0
440.0 208.0
250.0 437.0
400.0 -379.0
-18.0 -306.0
-63.0 261.0
297.0 79.0
213.0 -48.0
450.0 -181.0
-117.0 -348.0
-48.0 153.0
-339.0 -463.0
438.0 -182.0
-488.0 397.0
97.0 32.0
105.0 321.0
-364.0 -108.0
236.0 357.0
132.0 -282.0
-10.0 -333.0
493.0 -84.0
64.0 -433.0
258.0 -251.0
104.0 492.0
-25.0 221.0
288.0 -361.0
-351.0 -489.0
329.0 307.0
6.0 -384.0
160.0 -70.0
257.0 -365.0
-155.0 474.0
-313.0 -261.0
-105.0 207.0
-158.0 217.0
-457.0 -177.0
445.0 -272.0
-108.0 201.0
-124.0 -415.0
397.0 265.0
-115.0 296.0
-233.0 340.0
-113.0 53.0
393.0 -348.0
106.0 -135.0
358.0 109.0
28.0 -171.0
-261.0 -145.0
482.0 296.0
122.0 133.0
-420.0 -227.0
49.0 -227.0
-414.0 -206.0
392.0 255.0
-377.0 293.0
-444.0 -15.0
-415.0 -99.0
12.0 -174.0
-48.0 -374.0
-315.0 99.0
-163.0 235.0
-494.0 446.0
317.0 -4.0
434.0 -79.0
-23.0 130.0
474.0 289.0
-89.0 154.0
-420.0 -242.0
451.0 -80.0
-77.0 153.0
347.0 71.0
-342.0 -491.0
205.0 450.0
249.0 425.0
-433.0 -291.0
289.0 416.0
-374.0 -359.0
279.0 -233.0
186.0 379.0
-192.0 93.0
331.0 -81.0
61.0 312.0
318.0 -391.0
208.0 -350.0
-442.0 -499.0
208.0 207.0
48.0 266.0
-478.0 221.0
-485.0 -91.0
-422.0 401.0
198.0 -32.0
-312.0 -68.0
490.0 145.0
-425.0 93.0
341.0 21.0
-173.0 -487.0
372.0 327.0
284.0 -377.0
2.0 -500.0
-349.0 -372.0
-298.0 -236.0
446.0 201.0
176.0 -431.0
-463.0 406.0
-231.0 -305.0
-201.0 305.0
-237.0 -232.0
-453.0 131.0
-170.0 93.0
-265.0 -62.0
-226.0 -95.0
-29.0 -180.0
360.0 382.0
-217.0 -94.0
452.0 263.0
392.0 -400.0
365.0 -475.0
-472.0 213.0
-388.0 -282.0
-326.0 369.0
198.0 -149.0
-150.0 -232.0
-190.0 218.0
-441.0 -242.0
-327.0 -440.0
-481.0 -81.0
475.0 -105.0
-495.0 -81.0
-284.0 29.0
-134.0 -490.0
435.0 333.0
-249.0 -213.0
496.0 287.0
-265.0 -49.0
472.0 -486.0
387.0 418.0
-162.0 154.0
-164.0 430.0
-199.0 -406.0
-397.0 -269.0
-447.0 317.0
-344.0 474.0
70.0 -388.0
208.0 -306.0
354.0 28.0
253.0 -111.0
-484.0 63.0
64.0 351.0
438.0 -229.0
-114.0 43.0
-56.0 397.0
-391.0 55.0
-53.0 422.0
-295.0 -52.0
-488.0 386.0
332.0 -93.0
-276.0 47.0
-439.0 19.0
-458.0 -108.0
-309.0 -74.0
-414.0 281.0
-308.0 134.0
-405.0 -54.0
149.0 -217.0
-488.0 -342.0
0.0 -290.0
-164.0 167.0
-431.0 -14.0
-345.0 -381.0
-134.0 177.0
435.0 -209.0
-486.0 487.0
-193.0 -54.0
183.0 -153.0
-144.0 447.0
-20.0 -21.0
-8.0 493.0
-85.0 406.0
310.0 -255.0
-94.0 -153.0
-117.0 -447.0
-471.0 -484.0
-384.0 176.0
489.0 -500.0
-390.0 299.0
448.0 486.0
-376.0 488.0
323.0 273.0
-139.0 309.0
341.0 164.0
-41.0 -198.0
-292.0 260.0
220.0 -81.0
-73.0 -464.0
424.0 159.0
-214.0 173.0
354.0 298.0
-64.0 304.0
326.0 -333.0
-291.0 248.0
-450.0 -169.0
177.0 402.0
29.0 16.0
-412.0 -39.0
338.0 393.0
194.0 129.0
359.0 -27.0
-484.0 78.0
56.0 -328.0
-27.0 92.0
-154.0 -177.0
-72.0 -257.0
-296.0 463.0
-432.0 88.0
310.0 83.0
56.0 211.0
311.0 -54.0
316.0 212.0
-10.0 230.0
403.0 -118.0
-50.0 -414.0
-34.0 -156.0
-337.0 -268.0
240.0 405.0
-253.0 -139.0
-343.0 332.0
-180.0 58.0
115.0 207.0
350.0 174.0
-155.0 180.0
347.0 121.0
-125.0 -135.0
-97.0 442.0
485.0 -423.0
-89.0 -468.0
-115.0 248.0
-288.0 267.0
-197.0 11.0
397.0 -362.0
-327.0 -211.0
275.0 322.0
-297.0 463.0
-486.0 87.0
-140.0 -217.0
79.0 202.0
600
136.0 229.0
459.0 -372.0
-230.0 374.0
196.0 134.0
271.0 407.0
-68.0 -130.0
327.0 2.0
268.0 251.0
272.0 226.0
43.0 186.0
437.0 -268.0
272.0 -402.0
-414.0 -201.0
472.0 -283.0
-308.0 -409.0
22.0 -386.0
495.0 -372.0
-76.0 -119.0
119.0 422.0
-373.0 -17.0
498.0 105.0
-243.0 -455.0
113.0 -216.0
217.0 348.0
261.0 -281.0
485.0 -102.0
-52.0 -69.0
334.0 -76.0
-450.0 -288.0
489.0 -253.0
-200.0 220.0
-125.0 499.0
-226.0 -2.0
221.0 -145.0
394.0 336.0
291.0 197.0
126.0 -289.0
-129.0 -452.0
-443.0 54.0
347.0 32.0
-76.0 -302.0
-110.0 93.0
-154.0 -203.0
192.0 39.0
-459.0 -6.0
-289.0 -127.0
-351.0 -403.0
-250.0 354.0
366.0 159.0
297.0 -475.0
-442.0 -485.0
-393.0 329.0
-299.0 456.0
-373.0 465.0
98.0 -88.0
168.0 -45.0
-297.0 -204.0
-274.0 305.0
-341.0 -159.0
79.0 260.0
233.0 -475.0
128.0 446.0
-278.0 -48.0
260.0 28.0
427.0 61.0
372.0 -441.0
146.0 -139.0
-96.0 88.0
-103.0 447.0
-62.0 2.0
-430.0 -39.0
-283.0 363.0
352.0 -475.0
340.0 -495.0
-387.0 103.0
-481.0 -279.0
347.0 -113.0
-359.0 30.0
-378.0 415.0
-210.0 358.0
-423.0 -160.0
-113.0 37.0
-424.0 95.0
288.0 -442.0
-11.0 -174.0
-311.0 -392.0
235.0 -309.0
348.0 21.0
380.0 87.0
55.0 -413.0
-496.0 -349.0
424.0 174.0
399.0 143.0
385.0 153.0
169.0 439.0
194.0 176.0
405.0 464.0
-328.0 175.0
230.0 381.0
292.0 -299.0
23.0 195.0
280.0 -477.0
219.0 -342.0
497.0 6.0
-454.0 310.0
262.0 -325.0
354.0 -222.0
308.0 -264.0
-259.0 364.0
-267.0 -47.0
-153.0 186.0
176.0 -288.0
-240.0 408.0
324.0 -445.0
-351.0 391.0
-192.0 239.0
411.0 -13.0
286.0 200.0
128.0 107.0
153.0 -116.0
-96.0 -389.0
-48.0 480.0
-143.0 -483.0
314.0 -305.0
74.0 441.0
272.0 395.0
-420.0 471.0
-3.0 -274.0
-238.0 319.0
-266.0 -477.0
415.0 -273.0
463.0 -476.0
159.0 452.0
478.0 47.0
-207.0 -193.0
-495.0 -301.0
-256.0 -21.0
-455.0 -479.0
481.0 -217.0
-156.0 464.0
-111.0 -82.0
357.0 282.0
-301.0 -174.0
353.0 -6.0
-416.0 -254.0
-407.0 295.0
-259.0 -319.0
-335.0 -226.0
382.0 171.0
-467.0 330.0
-9.0 -19.0
41.0 -357.0
-149.0 -8.0
417.0 168.0
119.0 88.0
106.0 283.0
-245.0 186.0
-308.0 -287.0
301.0 298.0
57.0 219.0
-335.0 268.0
-150.0 -164.0
114.0 434.0
236.0 -22.0
-294.0 371.0
-83.0 459.0
-280.0 -195.0
176.0 15.0
345.0 -477.0
-239.0 -185.0
11.0 -441.0
-447.0 476.0
402.0 429.0
367.0 -210.0
308.0 135.0
-384.0 412.0
94.0 124.0
-353.0 -167.0
152.0 -364.0
345.0 -187.0
-360.0 397.0
-163.0 244.0
-374.0 -110.0
-177.0 242.0
-254.0 -29.0
-358.0 3.0
373.0 -451.0
72.0 -156.0
-56.0 214.0
-91.0 493.0
-489.0 454.0
60.0 49.0
-109.0 -28.0
459.0 -254.0
290.0 32.0
74.0 -146.0
249.0 -36.0
209.0 78.0
-167.0 -299.0
-370.0 -64.0
361.0 107.0
-249.0 -456.0
-111.0 -377.0
-82.0 -73.0
228.0 -61.0
109.0 456.0
-203.0 468.0
40.0 204.0
-13.0 -440.0
76.0 420.0
387.0 247.0
-59.0 -350.0
-235.0 -100.0
-64.0 -35.0
-349.0 210.0
-389.0 -417.0
163.0 -320.0
495.0 206.0
460.0 -16.0
-219.0 -309.0
-385.0 221.0
72.0 438.0
-273.0 -467.0
353.0 -426.0
-287.0 -439.0
-57.0 -318.0
-23.0 303.0
-199.0 477.0
-89.0 116.0
190.0 -344.0
-331.0 -215.0
234.0 408.0
475.0 -433.0
136.0 222.0
-174.0 -344.0
222.0 338.0
-38.0 437.0
378.0 -238.0
-235.0 -133.0
190.0 -427.0
-146.0 -446.0
126.0 -486.0
-240.0 -167.0
166.0 164.0
136.0 -168.0
-359.0 288.0
154.0 78.0
38.0 151.0
456.0 365.0
-385.0 237.0
39.0 -106.0
-8.0 454.0
-264.0 226.0
-12.0 469.0
-432.0 -179.0
-195.0 182.0
421.0 -27.0
391.0 294.0
-478.0 417.0
377.0 396.0
-489.0 -41.0
-187.0 -120.0
-335.0 230.0
-280.0 -222.0
-18.0 215.0
-38.0 453.0
-490.0 246.0
-343.0 40.0
101.0 286.0
-358.0 419.0
-345.0 -392.0
-473.0 -260.0
-154.0 411.0
57.0 -495.0
440.0 76.0
99.0 3.0
137.0 -21.0
-361.0 485.0
408.0 76.0
363.0 -346.0
-395.0 -228.0
190.0 -112.0
-464.0 -296.0
425.0 -25.0
434.0 -485.0
-133.0 353.0
417.0 -179.0
263.0 169.0
-338.0 -302.0
303.0 163.0
-121.0 -352.0
388.0 328.0
-166.0 421.0
377.0 216.0
-395.0 -22.0
-259.0 60.0
5.0 -438.0
-254.0 474.0
223.0 207.0
-297.0 189.0
-264.0 -387.0
224.0 127.0
80.0 -378.0
206.0 174.0
-166.0 -188.0
-478.0 232.0
-417.0 -202.0
-339.0 -248.0
-44.0 -79.0
-376.0 214.0
2.0 268.0
-72.0 421.0
-205.0 -58.0
380.0 -125.0
213.0 -96.0
-187.0 -483.0
191.0 -211.0
-204.0 59.0
339.0 205.0
-130.0 -423.0
-111.0 -351.0
444.0 224.0
73.0 -258.0
426.0 -472.0
-439.0 206.0
493.0 428.0
-200.0 -149.0
-166.0 -475.0
38.0 277.0
36.0 -260.0
-422.0 -215.0
286.0 -117.0
-337.0 -243.0
297.0 -5.0
-279.0 131.0
7.0 417.0
-391.0 138.0
87.0 95.0
90.0 462.0
-410.0 -248.0
-127.0 463.0
320.0 -374.0
-7.0 280.0
-202.0 433.0
487.0 -326.0
1.0 13.0
-347.0 -309.0
-409.0 127.0
-351.0 495.0
25.0 241.0
-102.0 424.0
-112.0 378.0
-460.0 234.0
394.0 -65.0
-423.0 -218.0
360.0 357.0
78.0 -23.0
163.0 101.0
316.0 135.0
432.0 -53.0
-369.0 -10.0
158.0 -250.0
370.0 -250.0
-375.0 123.0
-248.0 -128.0
-469.0 -463.0
293.0 -398.0
-254.0 -213.0
-182.0 419.0
-384.0 425.0
100.0 -449.0
378.0 319.0
-330.0 464.0
462.0 186.0
-342.0 332.0
366.0 21.0
456.0 93.0
-434.0 -417.0
-179.0 -105.0
481.0 307.0
-283.0 53.0
-27.0 127.0
-75.0 410.0
-344.0 461.0
115.0 213.0
311.0 -145.0
-298.0 475.0
-446.0 260.0
178.0 -54.0
-19.0 317.0
-149.0 56.0
-80.0 -337.0
19.0 243.0
387.0 101.0
11.0 281.0
29.0 83.0
305.0 -80.0
14.0 8.0
-192.0 305.0
-20.0 46.0
79.0 -181.0
-220.0 131.0
454.0 473.0
405.0 268.0
-74.0 -265.0
-25.0 -73.0
189.0 154.0
390.0 -16.0
336.0 32.0
357.0 185.0
-444.0 -79.0
499.0 -22.0
-327.0 -193.0
-333.0 -159.0
169.0 -112.0
-369.0 208.0
112.0 -458.0
-117.0 276.0
119.0 414.0
-14.0 -197.0
96.0 347.0
283.0 180.0
-425.0 -237.0
-58.0 -474.0
-358.0 -313.0
231.0 92.0
228.0 67.0
482.0 435.0
44.0 167.0
-305.0 270.0
-190.0 -61.0
237.0 127.0
222.0 222.0
-36.0 -463.0
338.0 -324.0
-271.0 267.0
425.0 -15.0
-326.0 414.0
207.0 125.0
-430.0 64.0
-77.0 -192.0
-139.0 -250.0
151.0 177.0
-405.0 474.0
-400.0 74.0
229.0 -217.0
267.0 93.0
182.0 -302.0
-378.0 -281.0
-286.0 441.0
311.0 -121.0
-254.0 -30.0
-45.0 486.0
-388.0 271.0
230.0 187.0
395.0 182.0
225.0 382.0
-134.0 -337.0
-163.0 19.0
23.0 252.0
-179.0 80.0
79.0 149.0
-429.0 101.0
-221.0 -306.0
140.0 -393.0
-137.0 -57.0
181.0 245.0
-186.0 32.0
27.0 -398.0
110.0 -212.0
302.0 -402.0
-274.0 38.0
392.0 -471.0
-451.0 -31.0
52.0 -3.0
-384.0 -216.0
-371.0 -62.0
-261.0 -416.0
-245.0 407.0
82.0 -186.0
-338.0 -38.0
273.0 -28.0
-249.0 -180.0
464.0 -446.0
-13.0 27.0
-494.0 -268.0
63.0 268.0
-400.0 -85.0
212.0 -326.0
-166.0 335.0
253.0 249.0
-273.0 -440.0
-216.0 423.0
-428.0 -122.0
-274.0 288.0
389.0 160.0
-482.0 -222.0
-155.0 -461.0
451.0 142.0
-331.0 378.0
-358.0 -408.0
131.0 -311.0
-154.0 -472.0
-394.0 -355.0
188.0 -192.0
308.0 70.0
436.0 -12.0
-345.0 410.0
296.0 102.0
72.0 223.0
131.0 253.0
266.0 -289.0
-103.0 139.0
-139.0 448.0
393.0 -166.0
150.0 233.0
-194.0 -211.0
245.0 399.0
-366.0 -194.0
48.0 -464.0
-166.0 -405.0
155.0 79.0
-230.0 -246.0
-163.0 -184.0
-359.0 137.0
84.0 207.0
-79.0 -459.0
-39.0 141.0
-398.0 -139.0
447.0 50.0
280.0 -18.0
-52.0 -423.0
419.0 -269.0
324.0 -414.0
96.0 495.0
351.0 -421.0
333.0 -57.0
309.0 20.0
-176.0 284.0
-283.0 182.0
-9.0 66.0
-138.0 -118.0
-152.0 194.0
-64.0 232.0
-258.0 354.0
-467.0 -417.0
-443.0 -369.0
62.0 33.0
96.0 -191.0
-22.0 -106.0
-387.0 434.0
-408.0 421.0
-105.0 493.0
-142.0 227.0
145.0 213.0
-64.0 -446.0
161.0 -28.0
-134.0 -267.0
-97.0 162.0
163.0 -165.0
-102.0 20.0
-375.0 466.0
262.0 -246.0
-179.0 293.0
-227.0 451.0
118.0 -309.0
-59.0 226.0
91.0 -291.0
-116.0 -97.0
-66.0 -402.0
-393.0 -280.0
339.0 163.0
487.0 216.0
286.0 57.0
394.0 255.0
-230.0 351.0
-177.0 -229.0
-480.0 231.0
42.0 335.0
-124.0 -29.0
-133.0 -39.0
293.0 440.0
-366.0 277.0
-466.0 246.0
330.0 -302.0
445.0 459.0
355.0 488.0
-445.0 -367.0
13.0 441.0
-393.0 -381.0
-184.0 43.0
5.0 -22.0
-500.0 -247.0
444.0 -94.0
-431.0 156.0
-51.0 -488.0
-326.0 -388.0
-192.0 302.0
-496.0 197.0
-323.0 -91.0
600
-368.0 -266.0
-225.0 395.0
-96.0 -113.0
11.0 91.0
-93.0 1.0
155.0 330.0
456.0 -313.0
302.0 -103.0
15.0 -121.0
-487.0 -119.0
-295.0 38.0
-264.0 -186.0
318.0 -348.0
33.0 -232.0
220.0 208.0
-166.0 -477.0
54.0 286.0
-399.0 174.0
229.0 218.0
387.0 71.0
374.0 346.0
311.0 264.0
461.0 -423.0
-155.0 -294.0
-223.0 -163.0
198.0 24.0
327.0 217.0
-373.0 47.0
142.0 70.0
302.0 -498.0
46.0 50.0
-273.0 -155.0
169.0 109.0
5.0 306.0
203.0 -442.0
433.0 -472.0
470.0 433.0
264.0 -290.0
-246.0 -169.0
308.0 366.0
-187.0 369.0
388.0 -208.0
9.0 -229.0
-77.0 -428.0
34.0 275.0
-69.0 231.0
-323.0 48.0
-460.0 150.0
-22.0 -298.0
381.0 -49.0
-414.0 6.0
-347.0 -221.0
-136.0 222.0
280.0 217.0
-407.0 32.0
-7.0 -115.0
-293.0 -237.0
-114.0 -314.0
-390.0 498.0
22.0 156.0
371.0 107.0
-175.0 -496.0
126.0 -375.0
-301.0 -498.0
43.0 -12.0
-114.0 488.0
264.0 425.0
416.0 56.0
392.0 299.0
130.0 -24.0
-163.0 -24.0
-482.0 411.0
-2.0 425.0
403.0 91.0
-323.0 -93.0
-478.0 120.0
371.0 387.0
-113.0 340.0
418.0 375.0
-122.0 72.0
-331.0 471.0
-174.0 425.0
-458.0 337.0
331.0 -377.0
-369.0 -200.0
207.0 140.0
461.0 -13.0
250.0 -110.0
221.0 28.0
116.0 -250.0
332.0 244.0
-11.0 492.0
-6.0 -419.0
455.0 223.0
271.0 297.0
-282.0 -283.0
-272.0 327.0
-390.0 -385.0
-123.0 -160.0
128.0 90.0
-193.0 476.0
401.0 445.0
-147.0 221.0
45.0 49.0
-391.0 238.0
481.0 60.0
-272.0 -86.0
376.0 298.0
332.0 194.0
389.0 -113.0
-94.0 334.0
-203.0 288.0
112.0 225.0
-319.0 23.0
78.0 414.0
149.0 371.0
129.0 -71.0
426.0 -46.0
-136.0 367.0
47.0 301.0
48.0 83.0
119.0 -234.0
-495.0 455.0
419.0 64.0
-400.0 -91.0
-447.0 -103.0
-482.0 387.0
329.0 76.0
28.0 339.0
237.0 -344.0
383.0 329.0
134.0 -103.0
-16.0 -463.0
-268.0 -320.0
-108.0 310.0
-448.0 -491.0
-116.0 152.0
472.0 437.0
-295.0 250.0
-415.0 -36.0
339.0 465.0
-361.0 147.0
-12.0 -297.0
-306.0 -304.0
-49.0 245.0
-191.0 -262.0
-345.0 -357.0
-298.0 -468.0
443.0 256.0
464.0 -311.0
-10.0 45.0
492.0 44.0
-62.0 -426.0
153.0 -82.0
-16.0 -164.0
353.0 161.0
-138.0 -28.0
-455.0 -359.0
-165.0 -75.0
413.0 -473.0
57.0 -201.0
-345.0 155.0
246.0 361.0
-235.0 -304.0
-379.0 105.0
-250.0 -327.0
-335.0 310.0
419.0 -358.0
338.0 -28.0
191.0 -161.0
403.0 -209.0
-474.0 284.0
203.0 55.0
251.0 193.0
-315.0 -328.0
-232.0 331.0
-421.0 286.0
29.0 -390.0
341.0 -39.0
78.0 -150.0
-241.0 68.0
-195.0 427.0
-331.0 -191.0
-232.0 -318.0
399.0 357.0
246.0 80.0
-403.0 23.0
-350.0 -492.0
485.0 -124.0
193.0 -345.0
-437.0 470.0
-290.0 480.0
-54.0 -320.0
-496.0 38.0
-226.0 300.0
-352.0 97.0
-233.0 390.0
-22.0 267.0
-303.0 285.0
-148.0 -121.0
352.0 -382.0
319.0 -255.0
-176.0 135.0
-196.0 331.0
-7.0 192.0
236.0 427.0
429.0 -212.0
98.0 -356.0
-219.0 -196.0
494.0 140.0
310.0 410.0
-409.0 365.0
297.0 -188.0
19.0 -249.0
102.0 354.0
249.0 -173.0
215.0 354.0
169.0 -477.0
-149.0 -363.0
-368.0 455.0
-11.0 158.0
-297.0 54.0
-150.0 53.0
15.0 -205.0
147.0 490.0
420.0 -246.0
-145.0 -355.0
-235.0 161.0
192.0 21.0
-122.0 -112.0
-484.0 -492.0
112.0 -156.0
-291.0 -251.0
-182.0 -47.0
-298.0 -318.0
275.0 179.0
429.0 -367.0
-493.0 -330.0
141.0 483.0
474.0 205.0
-63.0 71.0
389.0 -464.0
264.0 -322.0
-87.0 -239.0
-168.0 -211.0
368.0 -274.0
-245.0 -117.0
472.0 369.0
-227.0 -120.0
470.0 38.0
326.0 -433.0
-248.0 307.0
-336.0 -133.0
240.0 462.0
-120.0 -372.0
267.0 -233.0
146.0 -243.0
31.0 -294.0
-443.0 145.0
52.0 145.0
-494.0 389.0
135.0 -462.0
205.0 -276.0
445.0 453.0
-84.0 272.0
476.0 -13.0
-478.0 -328.0
-96.0 401.0
357.0 -3.0
171.0 361.0
227.0 -409.0
-388.0 193.0
-243.0 -400.0
-231.0 332.0
-314.0 -283.0
-223.0 462.0
331.0 -259.0
-4.0 -42.0
97.0 -397.0
-137.0 -104.0
118.0 -290.0
482.0 -481.0
-417.0 264.0
-480.0 -321.0
140.0 309.0
-363.0 -497.0
26.0 -436.0
-46.0 -347.0
-311.0 347.0
-161.0 129.0
-136.0 407.0
-325.0 356.0
310.0 -295.0
362.0 -167.0
-307.0 -198.0
385.0 -316.0
-291.0 158.0
-18.0 106.0
-2.0 45.0
-401.0 -58.0
36.0 340.0
125.0 -85.0
385.0 209.0
-180.0 -287.0
251.0 -85.0
403.0 -221.0
-449.0 467.0
341.0 -424.0
-224.0 482.0
-338.0 -158.0
-457.0 363.0
-8.0 344.0
-70.0 296.0
-227.0 183.0
-495.0 -486.0
-326.0 -185.0
189.0 102.0
-324.0 -429.0
-341.0 -234.0
377.0 473.0
-476.0 55.0
-92.0 -189.0
74.0 362.0
-300.0 94.0
356.0 -36.0
188.0 -84.0
-393.0 248.0
93.0 145.0
161.0 467.0
136.0 109.0
-298.0 -456.0
310.0 -439.0
-496.0 -5.0
-405.0 -93.0
96.0 -385.0
-275.0 -314.0
-178.0 234.0
339.0 -146.0
467.0 473.0
-191.0 -73.0
229.0 -64.0
146.0 -326.0
128.0 120.0
343.0 369.0
-326.0 -196.0
-328.0 -280.0
-405.0 -413.0
107.0 -287.0
339.0 -493.0
459.0 -270.0
32.0 138.0
-422.0 432.0
-282.0 -102.0
84.0 -147.0
146.0 274.0
481.0 26.0
-151.0 437.0
-330.0 213.0
309.0 -431.0
386.0 258.0
273.0 175.0
274.0 -316.0
-101.0 37.0
112.0 177.0
-485.0 -202.0
36.0 169.0
209.0 348.0
-496.0 22.0
-395.0 234.0
89.0 141.0
479.0 116.0
-178.0 -370.0
319.0 -192.0
-23.0 434.0
-292.0 474.0
201.0 291.0
-123.0 -159.0
417.0 -357.0
-308.0 328.0
-179.0 110.0
-435.0 444.0
486.0 403.0
-270.0 49.0
355.0 -346.0
-121.0 10.0
309.0 376.0
409.0 -102.0
-433.0 -30.0
-149.0 124.0
415.0 -13.0
70.0 -115.0
-116.0 -158.0
332.0 -219.0
-222.0 111.0
126.0 326.0
-436.0 -383.0
304.0 -299.0
-131.0 -407.0
80.0 239.0
318.0 -120.0
265.0 412.0
155.0 368.0
387.0 197.0
414.0 253.0
317.0 260.0
-241.0 -418.0
207.0 217.0
-78.0 -406.0
278.0 44.0
-303.0 -142.0
-247.0 -316.0
197.0 131.0
-202.0 -94.0
-223.0 1.0
270.0 260.0
-209.0 228.0
476.0 -219.0
71.0 124.0
480.0 319.0
130.0 -445.0
-473.0 -401.0
-367.0 47.0
98.0 -391.0
302.0 205.0
19.0 -113.0
53.0 176.0
-130.0 281.0
12.0 236.0
-106.0 441.0
-445.0 -107.0
78.0 160.0
229.0 69.0
-453.0 60.0
-173.0 -92.0
-274.0 -49.0
-413.0 -231.0
56.0 -391.0
-494.0 -74.0
378.0 441.0
315.0 -26.0
-95.0 -307.0
-26.0 226.0
106.0 -259.0
101.0 -463.0
296.0 -102.0
-124.0 -342.0
-25.0 -164.0
-205.0 277.0
-200.0 488.0
169.0 148.0
-95.0 175.0
-263.0 135.0
209.0 496.0
-103.0 -234.0
-179.0 368.0
-258.0 394.0
-231.0 -131.0
20.0 -279.0
-293.0 -400.0
252.0 -135.0
199.0 -442.0
-380.0 4.0
483.0 -437.0
-471.0 69.0
-457.0 -473.0
-350.0 -37.0
476.0 43.0
421.0 -423.0
106.0 33.0
292.0 435.0
311.0 272.0
436.0 261.0
-499.0 -188.0
-297.0 -229.0
480.0 285.0
-354.0 295.0
-398.0 -365.0
118.0 23.0
-416.0 -78.0
-28.0 -350.0
-222.0 349.0
224.0 59.0
-19.0 44.0
349.0 -59.0
132.0 227.0
274.0 221.0
473.0 89.0
186.0 141.0
91.0 199.0
210.0 -421.0
268.0 54.0
230.0 -326.0
-241.0 -54.0
395.0 183.0
425.0 98.0
-47.0 340.0
84.0 319.0
-392.0 -208.0
429.0 -297.0
407.0 -137.0
-153.0 451.0
-48.0 -360.0
466.0 -160.0
-443.0 -403.0
282.0 442.0
132.0 -11.0
-466.0 122.0
-179.0 471.0
74.0 -295.0
293.0 -158.0
27.0 327.0
316.0 -360.0
232.0 17.0
170.0 40.0
441.0 -170.0
-232.0 360.0
111.0 178.0
54.0 -360.0
81.0 401.0
350.0 254.0
385.0 -79.0
449.0 -198.0
223.0 -193.0
171.0 -32.0
-47.0 489.0
-366.0 -411.0
-420.0 -385.0
149.0 437.0
-229.0 -217.0
469.0 -444.0
478.0 -290.0
-27.0 -363.0
-408.0 -319.0
252.0 -211.0
211.0 459.0
305.0 156.0
244.0 -446.0
230.0 -169.0
-489.0 8.0
-473.0 -56.0
-495.0 491.0
-73.0 -298.0
206.0 -142.0
-178.0 -326.0
318.0 -435.0
-141.0 325.0
212.0 313.0
-109.0 426.0
263.0 -372.0
-89.0 312.0
122.0 101.0
397.0 53.0
2.0 41.0
228.0 256.0
217.0 -402.0
-385.0 192.0
-19.0 314.0
-231.0 490.0
74.0 -91.0
-320.0 -123.0
-347.0 435.0
336.0 -92.0
265.0 38.0
-352.0 225.0
298.0 -493.0
-327.0 114.0
-10.0 -309.0
-106.0 313.0
-59.0 113.0
37.0 -432.0
223.0 -366.0
-73.0 -370.0
-318.0 -500.0
55.0 -347.0
-163.0 -341.0
-311.0 327.0
-378.0 416.0
-12.0 -223.0
-497.0 -313.0
-55.0 294.0
364.0 -14.0
164.0 251.0
227.0 328.0
-399.0 -435.0
290.0 -191.0
-312.0 202.0
-392.0 281.0
-317.0 -162.0
-121.0 294.0
-83.0 -392.0
258.0 -176.0
-66.0 -46.0
-127.0 75.0
302.0 -385.0
-155.0 -334.0
-185.0 352.0
-234.0 -272.0
-16.0 33.0
307.0 -243.0
-333.0 -370.0
600
-345.0 321.0
-402.0 146.0
7.0 -277.0
494.0 252.0
233.0 132.0
277.0 -272.0
338.0 98.0
421.0 417.0
-496.0 -334.0
115.0 416.0
329.0 -429.0
-21.0 -117.0
441.0 45.0
185.0 153.0
185.0 420.0
-265.0 75.0
177.0 -394.0
-60.0 -395.0
-122.0 -118.0
-307.0 -451.0
490.0 198.0
11.0 225.0
185.0 441.0
-62.0 300.0
-247.0 292.0
460.0 350.0
-347.0 272.0
-267.0 -338.0
-440.0 -233.0
-376.0 16.0
-335.0 110.0
-373.0 -228.0
213.0 -454.0
307.0 -451.0
-8.0 246.0
289.0 390.0
-292.0 112.0
-24.0 162.0
-19.0 -306.0
-24.0 -348.0
380.0 -244.0
186.0 293.0
39.0 -42.0
201.0 -298.0
-8.0 -308.0
-15.0 -320.0
56.0 -297.0
66.0 242.0
-154.0 -215.0
-173.0 -59.0
11.0 -226.0
451.0 -105.0
-84.0 440.0
-339.0 222.0
100.0 401.0
-20.0 -18.0
56.0 465.0
-208.0 -46.0
484.0 242.0
-192.0 -363.0
-85.0 -137.0
375.0 -403.0
-235.0 126.0
194.0 -236.0
-292.0 206.0
62.0 -164.0
328.0 93.0
-246.0 390.0
463.0 -257.0
500.0 441.0
438.0 275.0
423.0 132.0
407.0 -353.0
-42.0 -197.0
286.0 -486.0
-456.0 469.0
-317.0 -156.0
225.0 -228.0
189.0 -170.0
-217.0 354.0
-121.0 -457.0
-170.0 -100.0
348.0 -122.0
-489.0 39.0
-92.0 152.0
268.0 -311.0
471.0 295.0
184.0 -181.0
134.0 484.0
-366.0 267.0
183.0 66.0
479.0 1.0
-160.0 -53.0
56.0 -119.0
414.0 160.0
-267.0 308.0
-226.0 -385.0
-180.0 -305.0
-335.0 420.0
-67.0 301.0
116.0 -213.0
-344.0 418.0
-118.0 155.0
41.0 50.0
-40.0 -436.0
-226.0 267.0
-316.0 99.0
-59.0 423.0
264.0 -101.0
159.0 378.0
415.0 -6.0
-86.0 -46.0
-341.0 -307.0
200.0 279.0
147.0 -53.0
-381.0 -146.0
-243.0 282.0
176.0 -173.0
-184.0 412.0
-173.0 79.0
143.0 -282.0
53.0 476.0
50.0 -61.0
447.0 -115.0
-220.0 -154.0
96.0 202.0
-117.0 -461.0
-365.0 307.0
279.0 269.0
-100.0 109.0
-43.0 173.0
-33.0 -423.0
-206.0 115.0
-440.0 -400.0
-199.0 267.0
-457.0 -6.0
-399.0 -407.0
-346.0 176.0
68.0 -129.0
463.0 184.0
356.0 222.0
-47.0 -15.0
-49.0 -390.0
-417.0 -309.0
-226.0 -167.0
163.0 -464.0
-157.0 -392.0
401.0 -185.0
305.0 -270.0
-16.0 174.0
313.0 -57.0
-90.0 127.0
-321.0 152.0
-303.0 491.0
294.0 154.0
478.0 40.0
-179.0 137.0
381.0 273.0
-412.0 -339.0
125.0 261.0
480.0 -2.0
-249.0 -235.0
-35.0 -178.0
469.0 79.0
-408.0 -315.0
-343.0 423.0
194.0 -497.0
312.0 -141.0
-346.0 -112.0
-59.0 371.0
-399.0 -459.0
-193.0 436.0
-211.0 -401.0
482.0 -301.0
201.0 -335.0
247.0 229.0
-302.0 -335.0
285.0 243.0
499.0 216.0
453.0 73.0
-461.0 -452.0
-38.0 148.0
-488.0 -174.0
91.0 -474.0
345.0 368.0
-164.0 136.0
434.0 407.0
394.0 -290.0
-274.0 228.0
-284.0 -204.0
-370.0 344.0
190.0 -60.0
-301.0 5.0
-499.0 -446.0
341.0 -271.0
308.0 226.0
279.0 -282.0
25.0 148.0
173.0 -213.0
232.0 -103.0
471.0 372.0
226.0 -100.0
-301.0 198.0
-437.0 244.0
-435.0 95.0
81.0 -447.0
28.0 -144.0
-264.0 163.0
-61.0 193.0
-124.0 143.0
446.0 -395.0
-488.0 -368.0
-309.0 -463.0
184.0 58.0
342.0 -497.0
446.0 25.0
-38.0 359.0
-342.0 339.0
455.0 -469.0
-109.0 -26.0
-424.0 430.0
445.0 -479.0
-243.0 344.0
278.0 -341.0
-89.0 -92.0
459.0 204.0
-363.0 -256.0
476.0 -31.0
374.0 246.0
-488.0 -210.0
-194.0 82.0
90.0 117.0
-134.0 318.0
126.0 -411.0
158.0 465.0
-432.0 423.0
-76.0 -200.0
-38.0 -346.0
-195.0 242.0
-215.0 -448.0
140.0 310.0
-260.0 19.0
-374.0 471.0
-283.0 -484.0
42.0 -211.0
454.0 190.0
-308.0 115.0
-451.0 -379.0
-368.0 -379.0
-293.0 222.0
136.0 339.0
-237.0 -169.0
-283.0 -145.0
-90.0 289.0
34.0 -317.0
233.0 431.0
28.0 171.0
-433.0 -73.0
-181.0 -461.0
-244.0 -239.0
-288.0 356.0
441.0 387.0
-312.0 -398.0
-86.0 -178.0
437.0 290.0
-345.0 -385.0
226.0 -208.0
368.0 442.0
46.0 187.0
-348.0 -352.0
-104.0 -288.0
-219.0 -168.0
-240.0 258.0
250.0 14.0
474.0 -271.0
240.0 114.0
-121.0 -397.0
149.0 -100.0
257.0 -275.0
-254.0 -287.0
326.0 -30.0
342.0 444.0
-73.0 278.0
283.0 -222.0
267.0 359.0
-127.0 -232.0
-79.0 340.0
434.0 54.0
114.0 -268.0
-311.0 443.0
-251.0 -171.0
-268.0 -85.0
-371.0 -482.0
26.0 151.0
-358.0 -486.0
-44.0 49.0
60.0 267.0
380.0 8.0
482.0 -401.0
-91.0 287.0
20.0 376.0
438.0 -278.0
431.0 -345.0
-7.0 299.0
-232.0 -368.0
-200.0 -141.0
310.0 266.0
-234.0 151.0
259.0 -369.0
89.0 -225.0
-391.0 -411.0
300.0 -7.0
-488.0 -149.0
-274.0 -251.0
-32.0 -208.0
-249.0 -279.0
243.0 188.0
-442.0 -55.0
-225.0 -232.0
247.0 -224.0
3.0 -338.0
282.0 -473.0
316.0 272.0
-482.0 -126.0
-278.0 318.0
-128.0 358.0
488.0 453.0
-371.0 471.0
200.0 -480.0
-347.0 -487.0
361.0 -74.0
-139.0 -377.0
-484.0 282.0
-87.0 -499.0
104.0 465.0
265.0 68.0
-187.0 469.0
36.0 -191.0
-487.0 229.0
216.0 155.0
-51.0 136.0
-433.0 -282.0
302.0 -469.0
-369.0 -260.0
-86.0 312.0
233.0 459.0
343.0 -389.0
61.0 -276.0
402.0 120.0
25.0 221.0
-38.0 -384.0
-145.0 124.0
175.0 -154.0
-30.0 -491.0
-348.0 -420.0
-398.0 -367.0
342.0 91.0
-235.0 36.0
333.0 118.0
-93.0 -427.0
50.0 -237.0
288.0 -472.0
-1.0 145.0
-331.0 -489.0
-446.0 -425.0
-313.0 -221.0
-49.0 -178.0
-418.0 285.0
-183.0 159.0
-10.0 389.0
-447.0 -450.0
-309.0 194.0
-444.0 104.0
264.0 -139.0
447.0 369.0
-246.0 -21.0
387.0 305.0
165.0 -69.0
-441.0 -420.0
254.0 -37.0
-236.0 13.0
195.0 191.0
317.0 258.0
160.0 -415.0
-383.0 -415.0
-155.0 -407.0
-161.0 210.0
456.0 -425.0
114.0 350.0
123.0 310.0
-106.0 -445.0
-1.0 106.0
-26.0 -255.0
490.0 -417.0
-339.0 -288.0
315.0 -39.0
-107.0 392.0
15.0 388.0
277.0 208.0
-146.0 -447.0
315.0 -244.0
-386.0 -57.0
-97.0 -496.0
240.0 -283.0
278.0 -73.0
-476.0 -247.0
394.0 -306.0
-150.0 -158.0
-388.0 331.0
121.0 188.0
308.0 322.0
-251.0 -304.0
-117.0 -428.0
255.0 -500.0
-78.0 -458.0
-344.0 274.0
-239.0 -300.0
315.0 386.0
-431.0 360.0
-151.0 -42.0
-215.0 -293.0
70.0 177.0
496.0 455.0
64.0 -111.0
-78.0 -452.0
213.0 -364.0
174.0 322.0
-22.0 -6.0
-302.0 282.0
78.0 -201.0
268.0 -126.0
204.0 308.0
272.0 487.0
373.0 -196.0
-374.0 393.0
-347.0 441.0
326.0 473.0
385.0 -15.0
-266.0 364.0
-239.0 137.0
-388.0 317.0
181.0 -205.0
285.0 -226.0
301.0 -49.0
435.0 -198.0
-424.0 -51.0
-284.0 14.0
317.0 -117.0
348.0 170.0
154.0 -313.0
420.0 149.0
-270.0 62.0
-51.0 -143.0
-42.0 250.0
197.0 399.0
-206.0 171.0
-122.0 157.0
73.0 -405.0
-29.0 405.0
208.0 151.0
290.0 334.0
99.0 -333.0
-356.0 -469.0
464.0 -134.0
296.0 461.0
-228.0 470.0
-318.0 -480.0
493.0 366.0
99.0 191.0
-436.0 439.0
-368.0 45.0
230.0 -268.0
447.0 -421.0
-296.0 -399.0
-447.0 -109.0
-126.0 -457.0
284.0 417.0
-357.0 -106.0
457.0 -76.0
-119.0 71.0
419.0 433.0
-296.0 -368.0
216.0 -117.0
209.0 499.0
406.0 231.0
-386.0 392.0
146.0 -387.0
140.0 429.0
3.0 173.0
374.0 140.0
-379.0 222.0
344.0 -422.0
388.0 248.0
-47.0 -114.0
-164.0 39.0
4.0 352.0
300.0 -32.0
166.0 441.0
197.0 -204.0
243.0 -368.0
485.0 145.0
-134.0 439.0
-187.0 -370.0
-92.0 -71.0
343.0 295.0
91.0 276.0
492.0 110.0
-135.0 115.0
-384.0 -88.0
418.0 -307.0
-62.0 -49.0
314.0 41.0
-128.0 -388.0
289.0 -84.0
-280.0 -341.0
355.0 34.0
-53.0 -271.0
470.0 69.0
120.0 222.0
-105.0 188.0
-312.0 325.0
-152.0 -337.0
-410.0 172.0
-399.0 -72.0
216.0 197.0
-462.0 402.0
52.0 21.0
47.0 472.0
414.0 330.0
-180.0 76.0
-40.0 -444.0
247.0 15.0
199.0 112.0
-356.0 -288.0
-135.0 468.0
175.0 -81.0
323.0 344.0
189.0 -375.0
458.0 490.0
455.0 24.0
-462.0 -364.0
58.0 -182.0
-439.0 20.0
243.0 225.0
181.0 231.0
-121.0 188.0
31.0 14.0
-399.0 -204.0
-55.0 -446.0
111.0 -118.0
323.0 476.0
-119.0 -278.0
369.0 61.0
233.0 -237.0
222.0 201.0
172.0 319.0
197.0 -175.0
-54.0 401.0
-76.0 -273.0
102.0 25.0
487.0 310.0
-308.0 -447.0
488.0 -151.0
313.0 6.0
-480.0 75.0
-345.0 -88.0
332.0 -32.0
357.0 -446.0
-25.0 -34.0
-372.0 338.0
-259.0 -85.0
-291.0 -239.0
-355.0 248.0
457.0 -466.0
-260.0 -270.0
322.0 69.0
-286.0 115.0
-207.0 -358.0
394.0 -397.0
317.0 -261.0
287.0 191.0
-172.0 219.0
349.0 -353.0
25.0 -495.0
10.0 182.0
81.0 -320.0
-40.0 -477.0
35.0 -296.0
333.0 -400.0
-194.0 -110.0
-39.0 -173.0
-139.0 -148.0
-398.0 -357.0
173.0 130.0
79.0 424.0
351.0 59.0
286.0 47.0
-116.0 -487.0
26.0 396.0
-353.0 -255.0
600
175.0 -431.0
70.0 251.0
-225.0 -490.0
-172.0 -74.0
308.0 230.0
-191.0 -17.0
-159.0 423.0
-103.0 -132.0
-38.0 -313.0
-117.0 -439.0
361.0 -416.0
14.0 -372.0
-176.0 -112.0
285.0 311.0
284.0 383.0
302.0 209.0
244.0 288.0
-175.0 107.0
-275.0 -493.0
422.0 -225.0
305.0 407.0
-400.0 -7.0
-411.0 223.0
301.0 242.0
37.0 26.0
-35.0 -443.0
-101.0 61.0
396.0 -216.0
-471.0 -308.0
53.0 276.0
197.0 292.0
-451.0 166.0
-444.0 428.0
-116.0 -461.0
-61.0 -212.0
-185.0 -128.0
-100.0 -345.0
-47.0 307.0
41.0 -94.0
-13.0 -392.0
499.0 477.0
-142.0 -447.0
-380.0 471.0
-40.0 325.0
-359.0 204.0
408.0 -341.0
-99.0 -107.0
207.0 -178.0
411.0 473.0
-53.0 -166.0
342.0 67.0
-175.0 235.0
-383.0 418.0
19.0 -369.0
-113.0 -191.0
61.0 -452.0
458.0 169.0
-271.0 -61.0
-386.0 208.0
-53.0 494.0
412.0 -165.0
369.0 -276.0
-26.0 453.0
-296.0 -467.0
71.0 -42.0
332.0 -23.0
-94.0 344.0
98.0 38.0
335.0 -346.0
-110.0 488.0
239.0 289.0
-215.0 -109.0
-459.0 -200.0
-387.0 391.0
264.0 419.0
336.0 16.0
411.0 469.0
379.0 -145.0
-27.0 -479.0
-281.0 -115.0
-358.0 375.0
-220.0 432.0
301.0 -416.0
184.0 -82.0
84.0 -193.0
349.0 -478.0
197.0 -439.0
-297.0 288.0
25.0 147.0
-266.0 33.0
-371.0 -102.0
363.0 -435.0
57.0 -348.0
-249.0 49.0
398.0 -383.0
30.0 326.0
-116.0 500.0
-337.0 -356.0
-103.0 -235.0
-274.0 -218.0
52.0 -378.0
-160.0 -383.0
482.0 48.0
313.0 -91.0
321.0 -101.0
252.0 -293.0
9.0 274.0
194.0 77.0
108.0 -75.0
348.0 -318.0
-257.0 71.0
454.0 -114.0
455.0 -243.0
-443.0 -143.0
-250.0 78.0
6.0 -90.0
279.0 431.0
-271.0 -294.0
-233.0 147.0
-287.0 -431.0
-81.0 159.0
-408.0 62.0
-288.0 -310.0
-174.0 106.0
348.0 259.0
453.0 190.0
-78.0 -74.0
312.0 131.0
54.0 136.0
230.0 -336.0
321.0 109.0
-266.0 13.0
-150.0 97.0
-466.0 -185.0
-470.0 -213.0
-122.0 -126.0
100.0 497.0
-236.0 221.0
162.0 -163.0
-222.0 -449.0
-486.0 -3.0
-472.0 75.0
-164.0 -11.0
142.0 -302.0
-3.0 415.0
-486.0 -350.0
-400.0 500.0
-380.0 483.0
409.0 -359.0
48.0 -470.0
-459.0 362.0
-481.0 279.0
-344.0 -425.0
-189.0 -269.0
-310.0 -321.0
265.0 198.0
195.0 24.0
480.0 -62.0
-159.0 238.0
22.0 310.0
-276.0 -285.0
477.0 -415.0
317.0 -128.0
28.0 214.0
-103.0 357.0
-285.0 -161.0
-299.0 -291.0
433.0 55.0
-162.0 481.0
293.0 -335.0
-353.0 115.0
-412.0 -429.0
185.0 -286.0
-471.0 162.0
-372.0 352.0
-170.0 -193.0
152.0 -278.0
399.0 115.0
-378.0 -107.0
467.0 38.0
211.0 166.0
243.0 195.0
-139.0 138.0
-467.0 -150.0
3.0 199.0
-269.0 56.0
402.0 -187.0
182.0 494.0
473.0 355.0
-22.0 -409.0
-380.0 222.0
-248.0 -464.0
76.0 250.0
92.0 -471.0
69.0 -17.0
296.0 495.0
-132.0 453.0
-239.0 199.0
168.0 201.0
-144.0 168.0
-261.0 -356.0
323.0 -488.0
-428.0 -271.0
-77.0 -28.0
-240.0 139.0
439.0 -326.0
271.0 378.0
-348.0 153.0
456.0 452.0
14.0 -62.0
309.0 269.0
453.0 182.0
67.0 -343.0
206.0 -124.0
241.0 312.0
34.0 98.0
479.0 -173.0
-483.0 253.0
18.0 226.0
-499.0 -336.0
268.0 99.0
-480.0 -147.0
-345.0 -110.0
-441.0 237.0
292.0 260.0
165.0 192.0
467.0 -432.0
-375.0 65.0
-165.0 -458.0
193.0 360.0
-407.0 -225.0
-115.0 -243.0
76.0 -77.0
-293.0 -46.0
-288.0 260.0
-143.0 391.0
-249.0 -112.0
-351.0 -192.0
470.0 204.0
-468.0 -80.0
-343.0 444.0
-353.0 -303.0
-229.0 188.0
183.0 256.0
375.0 136.0
-362.0 498.0
-102.0 -73.0
-497.0 312.0
-388.0 37.0
-43.0 -328.0
-143.0 -202.0
282.0 -313.0
363.0 364.0
465.0 -233.0
-187.0 260.0
145.0 82.0
105.0 387.0
-199.0 92.0
-322.0 -292.0
277.0 414.0
468.0 -462.0
46.0 -118.0
463.0 374.0
178.0 -67.0
-409.0 -391.0
-25.0 340.0
-355.0 473.0
346.0 -109.0
415.0 -403.0
452.0 62.0
411.0 474.0
260.0 178.0
180.0 -153.0
420.0 -476.0
-27.0 -249.0
18.0 -312.0
210.0 -235.0
199.0 418.0
490.0 196.0
-46.0 -406.0
-228.0 493.0
316.0 -138.0
268.0 -387.0
93.0 -52.0
-69.0 97.0
-45.0 292.0
-316.0 -357.0
-116.0 439.0
31.0 228.0
470.0 -280.0
-428.0 399.0
5.0 -105.0
-14.0 -500.0
457.0 152.0
-39.0 346.0
497.0 -1.0
223.0 -234.0
-80.0 -245.0
223.0 263.0
115.0 -24.0
-31.0 -335.0
477.0 -52.0
193.0 97.0
-487.0 -22.0
222.0 -175.0
258.0 326.0
-191.0 480.0
48.0 3.0
-61.0 -107.0
47.0 -347.0
-207.0 482.0
408.0 -7.0
287.0 -41.0
340.0 455.0
35.0 -103.0
36.0 310.0
-328.0 499.0
-374.0 -7.0
-194.0 -31.0
-124.0 -291.0
452.0 -8.0
1.0 -409.0
163.0 21.0
-96.0 476.0
-475.0 -6.0
180.0 27.0
-27.0 -463.0
-347.0 493.0
186.0 213.0
-366.0 -203.0
-366.0 -132.0
434.0 463.0
-347.0 374.0
-45.0 181.0
-196.0 -384.0
205.0 -51.0
-397.0 -459.0
188.0 -322.0
452.0 -127.0
-367.0 -175.0
156.0 329.0
230.0 -412.0
-2.0 -198.0
172.0 476.0
426.0 -446.0
250.0 258.0
-450.0 368.0
117.0 497.0
-374.0 -137.0
165.0 291.0
11.0 -349.0
370.0 66.0
-480.0 -307.0
-381.0 -188.0
358.0 -349.0
-404.0 72.0
423.0 31.0
-356.0 491.0
286.0 -342.0
227.0 115.0
-203.0 -352.0
-331.0 -48.0
-210.0 433.0
456.0 492.0
-276.0 -322.0
238.0 412.0
-299.0 224.0
-357.0 -140.0
-126.0 447.0
333.0 -83.0
-497.0 -39.0
-292.0 75.0
-213.0 -211.0
437.0 332.0
335.0 413.0
105.0 -408.0
-322.0 452.0
423.0 -82.0
-152.0 38.0
378.0 -276.0
36.0 -436.0
91.0 -425.0
-329.0 -307.0
-456.0 -100.0
-486.0 198.0
50.0 143.0
463.0 -229.0
11.0 364.0
-159.0 187.0
125.0 361.0
10.0 -178.0
-241.0 -405.0
335.0 -90.0
20.0 -103.0
266.0 294.0
-135.0 -110.0
244.0 23.0
38.0 -358.0
-99.0 -272.0
-349.0 -5.0
454.0 366.0
-379.0 -23.0
473.0 266.0
-463.0 371.0
-112.0 -317.0
-61.0 -174.0
-469.0 -356.0
449.0 -428.0
84.0 -215.0
150.0 41.0
375.0 -373.0
-265.0 -200.0
432.0 -383.0
467.0 -35.0
-96.0 -85.0
-161.0 57.0
221.0 249.0
410.0 -94.0
-206.0 -446.0
-42.0 388.0
370.0 -77.0
-139.0 205.0
-461.0 -374.0
-177.0 -198.0
-66.0 -286.0
-496.0 -407.0
223.0 67.0
-488.0 352.0
81.0 412.0
-265.0 -174.0
-36.0 249.0
498.0 405.0
-20.0 -428.0
26.0 -488.0
223.0 307.0
347.0 495.0
78.0 226.0
-168.0 -320.0
46.0 -127.0
-231.0 462.0
201.0 -166.0
464.0 -321.0
-248.0 -443.0
-120.0 -482.0
463.0 -221.0
-370.0 482.0
-259.0 -332.0
49.0 228.0
-275.0 201.0
-286.0 -400.0
-331.0 227.0
340.0 -210.0
-105.0 -266.0
-165.0 311.0
-349.0 215.0
349.0 376.0
-319.0 -372.0
-25.0 497.0
-35.0 432.0
128.0 -428.0
52.0 137.0
169.0 -69.0
-296.0 266.0
-161.0 154.0
185.0 -437.0
89.0 -355.0
-50.0 -403.0
57.0 -422.0
-436.0 -429.0
204.0 -189.0
52.0 260.0
-357.0 -174.0
-185.0 107.0
432.0 269.0
39.0 -70.0
55.0 -392.0
46.0 250.0
-222.0 -297.0
138.0 -382.0
-152.0 395.0
376.0 -383.0
-104.0 256.0
325.0 458.0
-212.0 -453.0
-28.0 -423.0
-52.0 466.0
-469.0 -365.0
-398.0 -61.0
-183.0 -372.0
-145.0 200.0
477.0 -302.0
-293.0 375.0
351.0 164.0
-132.0 478.0
277.0 192.0
-324.0 -475.0
-117.0 -422.0
-177.0 -417.0
-350.0 76.0
-356.0 77.0
17.0 304.0
-416.0 113.0
-279.0 -252.0
451.0 163.0
388.0 100.0
498.0 101.0
263.0 -7.0
-340.0 -408.0
-257.0 -61.0
-101.0 293.0
240.0 -299.0
-276.0 265.0
433.0 41.0
-96.0 -306.0
-3.0 -11.0
-346.0 309.0
-117.0 159.0
311.0 89.0
-45.0 248.0
118.0 280.0
61.0 96.0
6.0 119.0
206.0 -87.0
270.0 391.0
105.0 -213.0
-192.0 490.0
145.0 -494.0
-130.0 366.0
-22.0 -455.0
425.0 -368.0
434.0 -212.0
-266.0 -12.0
281.0 -80.0
-500.0 170.0
395.0 272.0
440.0 -6.0
-299.0 169.0
368.0 -207.0
76.0 184.0
-448.0 68.0
301.0 -443.0
415.0 481.0
348.0 54.0
291.0 418.0
-26.0 293.0
-280.0 -310.0
99.0 -215.0
-140.0 331.0
80.0 -389.0
60.0 80.0
-259.0 -53.0
132.0 -232.0
343.0 -214.0
-89.0 -245.0
-64.0 488.0
479.0 -90.0
-414.0 -88.0
-147.0 -40.0
182.0 123.0
-73.0 233.0
-95.0 154.0
-160.0 -172.0
-141.0 -396.0
-9.0 -126.0
-262.0 -423.0
-145.0 98.0
-398.0 32.0
67.0 66.0
51.0 101.0
71.0 268.0
95.0 -22.0
-491.0 254.0
-105.0 48.0
-246.0 -408.0
-340.0 130.0
-327.0 -470.0
406.0 -458.0
72.0 -211.0
-242.0 -475.0
355.0 -275.0
471.0 5.0
236.0 155.0
200.0 495.0
-438.0 -251.0
-482.0 338.0
-180.0 406.0
487.0 -491.0
-320.0 393.0
275.0 459.0
238.0 130.0
-327.0 -159.0
210.0 446.0
-18.0 -443.0
-491.0 -159.0
462.0 -349.0
-60.0 -56.0
407.0 -201.0
103.0 -487.0
132.0 -219.0
-56.0 143.0
600
-314.0 400.0
-272.0 -73.0
-360.0 497.0
411.0 90.0
414.0 64.0
-276.0 135.0
-61.0 -9.0
-330.0 398.0
56.0 456.0
407.0 78.0
-11.0 -81.0
-268.0 177.0
-292.0 -332.0
-493.0 -168.0
461.0 -208.0
291.0 466.0
-304.0 -296.0
209.0 -306.0
362.0 -339.0
381.0 330.0
-271.0 -478.0
322.0 -441.0
-412.0 156.0
457.0 169.0
-329.0 -282.0
-290.0 -141.0
-183.0 -227.0
322.0 116.0
-254.0 -286.0
-186.0 129.0
259.0 228.0
-380.0 -382.0
-37.0 82.0
-298.0 407.0
-495.0 -446.0
-386.0 375.0
373.0 -49.0
339.0 285.0
334.0 83.0
-338.0 -481.0
-412.0 -34.0
-306.0 298.0
-428.0 225.0
398.0 214.0
394.0 320.0
11.0 -464.0
306.0 119.0
234.0 -421.0
271.0 230.0
-403.0 52.0
299.0 267.0
-160.0 -181.0
-200.0 16.0
-388.0 65.0
68.0 -362.0
47.0 -169.0
15.0 -147.0
32.0 415.0
165.0 -96.0
-393.0 302.0
182.0 304.0
-130.0 332.0
-268.0 -389.0
55.0 -107.0
-462.0 -272.0
-210.0 -462.0
-84.0 -361.0
-194.0 381.0
-37.0 -254.0
-36.0 226.0
66.0 -93.0
123.0 -283.0
6.0 386.0
304.0 412.0
96.0 -223.0
-482.0 -248.0
227.0 146.0
-44.0 415.0
-10.0 169.0
-286.0 471.0
-289.0 -282.0
-23.0 -250.0
82.0 340.0
-193.0 214.0
-325.0 -288.0
-464.0 281.0
221.0 -258.0
-216.0 58.0
-137.0 -74.0
35.0 64.0
-84.0 -433.0
-349.0 -387.0
-122.0 243.0
308.0 181.0
-302.0 -32.0
412.0 331.0
272.0 -345.0
-241.0 -75.0
11.0 62.0
-182.0 108.0
-487.0 -360.0
-107.0 -455.0
-300.0 -107.0
-196.0 306.0
228.0 124.0
176.0 -171.0
-217.0 -47.0
272.0 -326.0
-412.0 13.0
-484.0 -190.0
-450.0 -210.0
150.0 -122.0
-239.0 67.0
-50.0 456.0
264.0 34.0
-241.0 173.0
455.0 144.0
418.0 -275.0
266.0 -329.0
466.0 -111.0
-278.0 -271.0
-88.0 294.0
289.0 147.0
-385.0 -113.0
-48.0 -368.0
-53.0 -182.0
100.0 -101.0
165.0 320.0
-482.0 95.0
-412.0 -5.0
59.0 15.0
459.0 132.0
234.0 -417.0
108.0 72.0
-46.0 88.0
461.0 -199.0
-337.0 -92.0
92.0 -329.0
69.0 388.0
-193.0 237.0
-479.0 187.0
462.0 2.0
477.0 254.0
-474.0 -293.0
216.0 446.0
139.0 399.0
-164.0 326.0
447.0 200.0
-47.0 247.0
331.0 -245.0
-422.0 -455.0
315.0 -117.0
-428.0 -338.0
357.0 -407.0
-316.0 226.0
-420.0 72.0
467.0 -77.0
198.0 -417.0
387.0 -177.0
-257.0 88.0
15.0 207.0
-2.0 -112.0
-321.0 -2.0
433.0 -240.0
-122.0 423.0
-449.0 -250.0
-52.0 290.0
32.0 -143.0
-322.0 -344.0
176.0 -139.0
352.0 167.0
345.0 -4.0
69.0 -378.0
-405.0 -406.0
428.0 -385.0
-458.0 352.0
367.0 -206.0
218.0 -194.0
-489.0 418.0
263.0 189.0
99.0 -316.0
314.0 -59.0
469.0 -28.0
229.0 -107.0
79.0 22.0
442.0 430.0
-15.0 234.0
379.0 26.0
239.0 -214.0
-379.0 160.0
196.0 303.0
100.0 267.0
-226.0 -213.0
-466.0 28.0
363.0 88.0
353.0 271.0
143.0 379.0
342.0 -456.0
-220.0 362.0
437.0 -287.0
-15.0 -136.0
-500.0 -66.0
84.0 -427.0
-81.0 -469.0
-494.0 -307.0
-151.0 341.0
-245.0 429.0
-67.0 -345.0
344.0 322.0
312.0 390.0
-81.0 -142.0
275.0 7.0
-394.0 -367.0
-451.0 -487.0
-27.0 116.0
-442.0 -117.0
-210.0 -424.0
-311.0 -285.0
-47.0 -395.0
-136.0 -111.0
-105.0 -362.0
-348.0 169.0
236.0 410.0
386.0 125.0
238.0 174.0
-129.0 -96.0
-386.0 224.0
-154.0 160.0
-393.0 394.0
126.0 -103.0
1.0 106.0
-360.0 -177.0
81.0 13.0
411.0 -443.0
-304.0 -272.0
-140.0 -108.0
499.0 -353.0
-53.0 77.0
454.0 -278.0
-310.0 -82.0
-96.0 152.0
-298.0 -117.0
-249.0 316.0
443.0 168.0
-244.0 -12.0
418.0 -294.0
-77.0 459.0
-368.0 170.0
363.0 454.0
342.0 -69.0
-244.0 -420.0
152.0 -378.0
424.0 -274.0
205.0 -454.0
-25.0 -391.0
-150.0 352.0
-121.0 404.0
267.0 -163.0
-128.0 -229.0
-149.0 -37.0
-37.0 393.0
192.0 -143.0
257.0 476.0
14.0 33.0
-190.0 374.0
-408.0 -387.0
-121.0 211.0
379.0 356.0
-231.0 440.0
-75.0 -45.0
307.0 64.0
153.0 -148.0
-490.0 108.0
-34.0 398.0
-112.0 22.0
222.0 -131.0
87.0 -467.0
-104.0 -60.0
-230.0 372.0
-249.0 -293.0
-283.0 12.0
353.0 270.0
228.0 409.0
468.0 198.0
-14.0 283.0
498.0 382.0
-319.0 -309.0
374.0 420.0
-456.0 -67.0
333.0 442.0
-454.0 -403.0
355.0 387.0
-498.0 21.0
471.0 203.0
-429.0 -110.0
-22.0 379.0
-269.0 388.0
-77.0 401.0
-58.0 -431.0
65.0 -201.0
-122.0 355.0
-403.0 9.0
90.0 308.0
214.0 -206.0
-56.0 169.0
267.0 379.0
-33.0 -445.0
174.0 -431.0
-382.0 357.0
-81.0 -131.0
-449.0 -294.0
342.0 457.0
-375.0 192.0
-66.0 9.0
-408.0 497.0
272.0 -129.0
139.0 79.0
-292.0 325.0
292.0 -336.0
-416.0 -224.0
395.0 325.0
181.0 -400.0
196.0 21.0
378.0 117.0
314.0 239.0
359.0 209.0
350.0 -248.0
319.0 24.0
190.0 -478.0
-142.0 77.0
118.0 145.0
-400.0 487.0
24.0 -425.0
-478.0 245.0
-487.0 296.0
148.0 -252.0
-339.0 469.0
68.0 -169.0
-37.0 -68.0
-352.0 -418.0
358.0 -237.0
-141.0 -491.0
-11.0 383.0
194.0 -149.0
-450.0 -97.0
415.0 -189.0
-92.0 273.0
-52.0 9.0
-421.0 -285.0
263.0 -185.0
-2.0 145.0
240.0 -63.0
199.0 39.0
26.0 -472.0
317.0 -194.0
336.0 -85.0
365.0 -443.0
-23.0 -455.0
210.0 -154.0
382.0 -100.0
-137.0 -305.0
28.0 269.0
127.0 -78.0
-424.0 321.0
-27.0 -272.0
-35.0 263.0
385.0 304.0
-297.0 -339.0
158.0 -409.0
419.0 220.0
91.0 -422.0
-478.0 160.0
441.0 478.0
291.0 -283.0
-191.0 159.0
336.0 -228.0
198.0 -350.0
113.0 -177.0
7.0 421.0
-68.0 -151.0
-141.0 -87.0
-286.0 299.0
453.0 -238.0
323.0 -119.0
336.0 -480.0
-89.0 176.0
441.0 69.0
317.0 -338.0
442.0 -448.0
98.0 -154.0
399.0 488.0
-196.0 29.0
-499.0 -152.0
-373.0 26.0
439.0 -353.0
-68.0 -410.0
-287.0 390.0
-43.0 -341.0
81.0 -262.0
-480.0 -391.0
64.0 -407.0
-351.0 266.0
-264.0 187.0
270.0 32.0
331.0 -99.0
194.0 371.0
-264.0 419.0
144.0 470.0
-250.0 -446.0
342.0 -158.0
-186.0 324.0
267.0 497.0
201.0 497.0
-309.0 488.0
211.0 137.0
-69.0 197.0
315.0 303.0
-37.0 291.0
342.0 194.0
-283.0 277.0
-113.0 -199.0
161.0 -396.0
164.0 404.0
138.0 316.0
-212.0 237.0
247.0 426.0
442.0 139.0
246.0 14.0
-12.0 -243.0
81.0 421.0
477.0 -401.0
-59.0 464.0
449.0 -139.0
245.0 318.0
421.0 -448.0
-261.0 36.0
-495.0 -363.0
288.0 151.0
372.0 -83.0
-426.0 -333.0
197.0 -138.0
226.0 -3.0
-63.0 -16.0
-216.0 -344.0
445.0 -443.0
146.0 395.0
5.0 267.0
271.0 431.0
260.0 -207.0
416.0 20.0
280.0 -308.0
251.0 493.0
420.0 245.0
-335.0 270.0
185.0 277.0
-461.0 343.0
-292.0 220.0
12.0 245.0
234.0 77.0
-323.0 -92.0
363.0 114.0
314.0 257.0
-59.0 -83.0
-220.0 -477.0
153.0 309.0
-313.0 125.0
-207.0 238.0
205.0 -478.0
-183.0 304.0
115.0 307.0
-191.0 151.0
-142.0 -105.0
449.0 292.0
57.0 -51.0
-215.0 -131.0
-76.0 -5.0
-119.0 455.0
-287.0 76.0
-242.0 -406.0
457.0 -57.0
500.0 392.0
349.0 174.0
-261.0 -337.0
-148.0 187.0
220.0 -445.0
-37.0 -300.0
166.0 -58.0
-363.0 343.0
-283.0 -331.0
397.0 -353.0
-180.0 -399.0
-422.0 -331.0
83.0 -184.0
-465.0 -199.0
443.0 -130.0
-426.0 -328.0
-494.0 -404.0
406.0 -472.0
-394.0 155.0
-399.0 -330.0
173.0 -67.0
-346.0 56.0
-442.0 188.0
-405.0 48.0
410.0 165.0
243.0 -299.0
229.0 35.0
240.0 172.0
-194.0 100.0
-417.0 349.0
325.0 196.0
194.0 395.0
64.0 -176.0
336.0 204.0
-85.0 -331.0
-430.0 -477.0
166.0 -35.0
245.0 -60.0
-424.0 -20.0
152.0 34.0
197.0 -108.0
-124.0 -399.0
166.0 472.0
-445.0 -221.0
333.0 209.0
-411.0 251.0
59.0 253.0
-73.0 492.0
-93.0 14.0
53.0 395.0
-146.0 62.0
-247.0 306.0
-376.0 262.0
-428.0 -95.0
-363.0 79.0
207.0 -243.0
197.0 -9.0
-95.0 -106.0
-120.0 358.0
-180.0 -257.0
-402.0 9.0
-431.0 279.0
296.0 351.0
279.0 -152.0
137.0 109.0
147.0 96.0
320.0 -453.0
103.0 155.0
21.0 -2.0
18.0 476.0
498.0 -67.0
-282.0 -167.0
-44.0 107.0
442.0 329.0
137.0 -167.0
-238.0 178.0
-181.0 263.0
95.0 -403.0
378.0 -404.0
-470.0 389.0
3.0 -466.0
-154.0 478.0
-147.0 177.0
-300.0 -428.0
417.0 -491.0
-289.0 -174.0
-291.0 136.0
-12.0 -408.0
285.0 -215.0
480.0 -377.0
-347.0 322.0
15.0 161.0
-348.0 -415.0
286.0 -379.0
145.0 83.0
-454.0 -299.0
-498.0 -485.0
359.0 -436.0
-268.0 -441.0
432.0 -160.0
155.0 -444.0
-377.0 -183.0
336.0 -7.0
39.0 -449.0
-396.0 -457.0
144.0 -235.0
-474.0 -442.0
88.0 23.0
-51.0 386.0
-301.0 135.0
46.0 -450.0
191.0 104.0
-284.0 83.0
299.0 -12.0
70.0 387.0
232.0 -253.0
300.0 388.0
-184.0 441.0
-109.0 387.0
445.0 403.0
600
-475.0 374.0
-230.0 -167.0
-111.0 -395.0
154.0 -127.0
-380.0 7.0
265.0 -403.0
-318.0 -157.0
150.0 231.0
17.0 280.0
384.0 299.0
-382.0 -396.0
-24.0 -191.0
118.0 303.0
372.0 -130.0
-286.0 444.0
-468.0 -387.0
-413.0 81.0
479.0 339.0
331.0 20.0
-141.0 432.0
18.0 -395.0
-155.0 207.0
-101.0 313.0
-89.0 237.0
193.0 475.0
-169.0 125.0
-115.0 -315.0
119.0 11.0
146.0 -123.0
75.0 411.0
160.0 -279.0
372.0 -228.0
57.0 184.0
-209.0 -373.0
-154.0 299.0
346.0 361.0
-219.0 -439.0
388.0 -146.0
449.0 -420.0
-181.0 434.0
-406.0 467.0
-113.0 496.0
449.0 238.0
367.0 313.0
87.0 -241.0
463.0 -365.0
-121.0 -447.0
226.0 172.0
372.0 204.0
-150.0 381.0
-286.0 42.0
-438.0 297.0
338.0 -44.0
393.0 499.0
4.0 -460.0
277.0 374.0
-107.0 338.0
-151.0 214.0
-105.0 -324.0
-482.0 126.0
427.0 444.0
449.0 312.0
325.0 185.0
256.0 57.0
-421.0 237.0
-446.0 317.0
-5.0 251.0
-8.0 -314.0
422.0 31.0
-7.0 -319.0
104.0 186.0
-468.0 -309.0
201.0 260.0
-156.0 413.0
274.0 -302.0
57.0 287.0
-133.0 132.0
292.0 143.0
-482.0 472.0
49.0 -103.0
322.0 139.0
-50.0 439.0
94.0 281.0
263.0 485.0
267.0 91.0
-339.0 -499.0
44.0 457.0
-421.0 427.0
328.0 408.0
349.0 442.0
-106.0 -313.0
-467.0 -457.0
279.0 -2.0
-128.0 -155.0
302.0 496.0
-403.0 454.0
126.0 187.0
195.0 335.0
192.0 432.0
-95.0 262.0
445.0 -137.0
424.0 -331.0
107.0 -300.0
-371.0 33.0
441.0 -164.0
-467.0 80.0
-96.0 -156.0
-457.0 -383.0
-411.0 -151.0
-252.0 -412.0
-351.0 172.0
-173.0 -158.0
55.0 -91.0
-55.0 64.0
476.0 60.0
-405.0 185.0
457.0 25.0
275.0 -394.0
71.0 -378.0
-283.0 44.0
-34.0 390.0
266.0 179.0
219.0 -236.0
-116.0 472.0
457.0 -450.0
346.0 -385.0
-301.0 377.0
107.0 402.0
477.0 -33.0
452.0 335.0
382.0 -262.0
35.0 240.0
-169.0 413.0
331.0 -9.0
-423.0 -199.0
24.0 383.0
-205.0 224.0
-343.0 -365.0
-362.0 -61.0
54.0 81.0
426.0 -139.0
488.0 -60.0
-294.0 -303.0
-340.0 -392.0
-344.0 463.0
396.0 229.0
-372.0 425.0
-383.0 415.0
408.0 -69.0
38.0 -269.0
-185.0 66.0
2.0 231.0
396.0 -209.0
-417.0 -102.0
-285.0 -288.0
-293.0 379.0
-266.0 -277.0
170.0 -78.0
-74.0 -112.0
-79.0 -472.0
45.0 -8.0
-104.0 110.0
491.0 123.0
266.0 202.0
-89.0 462.0
20.0 335.0
185.0 298.0
103.0 -244.0
-28.0 143.0
-30.0 -220.0
-298.0 449.0
252.0 71.0
-8.0 200.0
319.0 -437.0
411.0 280.0
-146.0 78.0
420.0 445.0
-415.0 -330.0
-119.0 421.0
11.0 -13.0
416.0 -438.0
429.0 168.0
420.0 209.0
254.0 145.0
-323.0 -420.0
-43.0 205.0
-96.0 366.0
478.0 5.0
176.0 395.0
499.0 84.0
-179.0 -412.0
487.0 -261.0
-296.0 -24.0
-233.0 -152.0
404.0 228.0
-462.0 -345.0
-346.0 -60.0
-34.0 40.0
-444.0 -100.0
164.0 370.0
-460.0 13.0
2.0 235.0
3.0 -442.0
261.0 286.0
259.0 109.0
298.0 -468.0
-288.0 158.0
258.0 -150.0
96.0 91.0
-437.0 -359.0
-461.0 167.0
51.0 -440.0
429.0 -390.0
-454.0 -208.0
137.0 341.0
-8.0 447.0
-282.0 -305.0
-371.0 -311.0
52.0 208.0
-288.0 -161.0
138.0 356.0
222.0 449.0
-467.0 263.0
486.0 -427.0
-333.0 334.0
479.0 496.0
353.0 393.0
-329.0 135.0
-50.0 346.0
383.0 63.0
-305.0 -416.0
-227.0 132.0
-55.0 451.0
291.0 47.0
-89.0 -473.0
241.0 428.0
-479.0 -434.0
328.0 174.0
499.0 181.0
-173.0 -82.0
-2.0 475.0
-214.0 -415.0
-73.0 8.0
-160.0 -359.0
-139.0 -367.0
148.0 -97.0
21.0 352.0
-269.0 338.0
-272.0 38.0
420.0 -488.0
250.0 286.0
335.0 112.0
-167.0 -268.0
-500.0 -110.0
314.0 101.0
-207.0 -299.0
258.0 -355.0
-202.0 31.0
-378.0 84.0
-100.0 152.0
-298.0 382.0
-42.0 74.0
5.0 -170.0
-403.0 334.0
-389.0 6.0
-394.0 -307.0
278.0 -358.0
368.0 461.0
-274.0 -356.0
-15.0 -130.0
-51.0 -267.0
254.0 24.0
7.0 -102.0
222.0 51.0
109.0 43.0
-388.0 -172.0
-374.0 -81.0
475.0 297.0
281.0 -474.0
421.0 -7.0
-54.0 83.0
-186.0 394.0
464.0 223.0
116.0 -303.0
-369.0 -404.0
-355.0 54.0
256.0 -99.0
-88.0 20.0
-134.0 -266.0
194.0 -259.0
-35.0 -155.0
264.0 249.0
-40.0 -390.0
292.0 1.0
65.0 -30.0
193.0 226.0
475.0 -456.0
-170.0 -219.0
416.0 -31.0
84.0 -339.0
-297.0 41.0
390.0 -408.0
16.0 -494.0
-118.0 260.0
-413.0 -177.0
426.0 -320.0
60.0 382.0
401.0 -232.0
469.0 -181.0
172.0 223.0
-336.0 -169.0
270.0 -425.0
-383.0 -347.0
-309.0 482.0
-346.0 -452.0
-235.0 -57.0
107.0 -455.0
-319.0 21.0
-35.0 161.0
-203.0 181.0
26.0 223.0
-24.0 -35.0
455.0 -128.0
-321.0 336.0
497.0 -407.0
-479.0 -309.0
-322.0 -140.0
402.0 236.0
-10.0 495.0
-455.0 165.0
354.0 -191.0
-396.0 355.0
259.0 322.0
335.0 365.0
-93.0 -155.0
374.0 -439.0
187.0 432.0
292.0 -168.0
449.0 161.0
-388.0 60.0
129.0 84.0
-404.0 -192.0
246.0 -307.0
-50.0 -237.0
-99.0 -59.0
-215.0 100.0
320.0 -145.0
180.0 -103.0
473.0 -42.0
488.0 -40.0
-360.0 -49.0
-449.0 -390.0
272.0 421.0
-344.0 68.0
-302.0 -377.0
177.0 457.0
153.0 -220.0
-379.0 204.0
101.0 -212.0
246.0 284.0
484.0 -294.0
-280.0 -16.0
-51.0 21.0
-440.0 333.0
404.0 384.0
-189.0 -205.0
-203.0 -21.0
210.0 -394.0
341.0 -96.0
388.0 30.0
393.0 366.0
-16.0 448.0
-442.0 -230.0
266.0 -290.0
492.0 -274.0
-62.0 5.0
-240.0 77.0
347.0 151.0
295.0 -294.0
-187.0 82.0
327.0 450.0
-472.0 -346.0
468.0 -277.0
65.0 36.0
-430.0 327.0
-420.0 185.0
5.0 216.0
-431.0 -172.0
110.0 -108.0
217.0 241.0
358.0 -472.0
112.0 279.0
-63.0 -410.0
-90.0 408.0
-305.0 201.0
-413.0 -263.0
-1.0 185.0
-210.0 -51.0
-143.0 133.0
481.0 -414.0
-255.0 -222.0
24.0 -339.0
331.0 -480.0
-27.0 -289.0
454.0 -217.0
-459.0 -428.0
34.0 -205.0
260.0 -72.0
222.0 -101.0
343.0 -133.0
188.0 -410.0
273.0 373.0
-355.0 -350.0
151.0 -370.0
-150.0 30.0
-342.0 -336.0
-241.0 152.0
41.0 -238.0
-487.0 291.0
390.0 491.0
55.0 -135.0
-371.0 246.0
108.0 -47.0
-38.0 199.0
-170.0 438.0
-137.0 -87.0
133.0 -40.0
134.0 461.0
-89.0 -411.0
30.0 -181.0
-329.0 248.0
70.0 72.0
-438.0 489.0
424.0 180.0
-282.0 -287.0
-291.0 -13.0
130.0 473.0
32.0 167.0
-39.0 -225.0
-482.0 94.0
-495.0 -451.0
-216.0 -269.0
-114.0 -362.0
-187.0 452.0
-206.0 -117.0
-26.0 455.0
429.0 -236.0
381.0 461.0
65.0 -85.0
228.0 280.0
253.0 -367.0
-179.0 -466.0
-252.0 75.0
-246.0 297.0
27.0 -397.0
-195.0 -488.0
14.0 -220.0
207.0 235.0
30.0 -170.0
414.0 152.0
-451.0 -336.0
-119.0 -285.0
-263.0 389.0
321.0 128.0
476.0 -197.0
491.0 269.0
-326.0 487.0
179.0 28.0
-13.0 -2.0
332.0 -189.0
45.0 102.0
-384.0 -312.0
90.0 205.0
-157.0 -106.0
-435.0 178.0
166.0 426.0
89.0 -389.0
-140.0 -201.0
-482.0 -29.0
206.0 39.0
-259.0 392.0
65.0 322.0
179.0 -189.0
466.0 21.0
232.0 -456.0
314.0 349.0
-353.0 -144.0
323.0 450.0
290.0 -371.0
432.0 341.0
45.0 301.0
138.0 283.0
-208.0 -356.0
97.0 241.0
493.0 296.0
-244.0 -28.0
-202.0 204.0
480.0 -348.0
155.0 -192.0
464.0 111.0
422.0 -156.0
157.0 -302.0
-404.0 194.0
437.0 -127.0
-218.0 331.0
120.0 -182.0
178.0 205.0
-484.0 -13.0
-498.0 397.0
-457.0 209.0
377.0 -324.0
-460.0 -201.0
84.0 -370.0
-391.0 -117.0
178.0 -168.0
303.0 462.0
-233.0 201.0
-30.0 454.0
481.0 -234.0
-330.0 48.0
141.0 -490.0
366.0 -350.0
-212.0 286.0
301.0 44.0
371.0 276.0
395.0 -209.0
-83.0 -480.0
-467.0 491.0
195.0 100.0
102.0 -384.0
-263.0 139.0
-57.0 -435.0
-51.0 384.0
90.0 -430.0
-433.0 270.0
-12.0 30.0
202.0 412.0
90.0 -238.0
-71.0 480.0
232.0 -99.0
-212.0 335.0
286.0 33.0
453.0 -241.0
394.0 -492.0
-417.0 131.0
330.0 -163.0
-63.0 -234.0
-467.0 96.0
113.0 267.0
186.0 376.0
255.0 253.0
-428.0 32.0
-463.0 415.0
-253.0 -210.0
-435.0 -205.0
-139.0 -1.0
181.0 -63.0
4.0 28.0
-93.0 299.0
183.0 117.0
301.0 -378.0
-72.0 -107.0
-269.0 264.0
62.0 252.0
466.0 -456.0
-490.0 -19.0
-68.0 247.0
-196.0 -115.0
-244.0 -218.0
123.0 -65.0
265.0 -443.0
-83.0 -455.0
341.0 -164.0
-39.0 357.0
-129.0 -416.0
283.0 -236.0
107.0 104.0
326.0 67.0
79.0 -169.0
394.0 -416.0
-462.0 -144.0
34.0 -168.0
468.0 212.0
-39.0 172.0
445.0 398.0
-225.0 58.0
-83.0 -181.0
462.0 -172.0
-250.0 473.0
-479.0 200.0
174.0 -2.0
467.0 64.0
416.0 85.0
214.0 -365.0
479.0 -104.0
283.0 317.0
69.0 303.0
454.0 -369.0
-135.0 -35.0
-203.0 -220.0
600
366.0 484.0
86.0 -248.0
228.0 -405.0
-21.0 393.0
55.0 124.0
-57.0 -70.0
64.0 -423.0
-341.0 23.0
-395.0 314.0
291.0 -73.0
200.0 -113.0
-327.0 381.0
72.0 -317.0
-334.0 75.0
7.0 -269.0
-141.0 170.0
-324.0 -425.0
351.0 -436.0
-291.0 234.0
378.0 -233.0
-226.0 188.0
193.0 -259.0
12.0 -215.0
478.0 307.0
45.0 -274.0
-219.0 -305.0
228.0 -391.0
319.0 -9.0
-277.0 65.0
-264.0 -84.0
-417.0 282.0
-473.0 154.0
73.0 -239.0
465.0 -201.0
-479.0 243.0
485.0 -202.0
19.0 -333.0
-27.0 -48.0
-335.0 303.0
155.0 141.0
144.0 438.0
86.0 283.0
-2.0 -379.0
324.0 92.0
-207.0 490.0
434.0 259.0
-45.0 312.0
142.0 -277.0
-404.0 -409.0
446.0 -224.0
39.0 330.0
-36.0 85.0
-268.0 162.0
-268.0 -387.0
-306.0 -43.0
176.0 96.0
382.0 48.0
457.0 -410.0
327.0 280.0
405.0 484.0
379.0 179.0
-385.0 254.0
135.0 236.0
351.0 417.0
-411.0 54.0
231.0 -77.0
52.0 170.0
-138.0 -477.0
-90.0 -290.0
-469.0 26.0
122.0 350.0
464.0 228.0
-469.0 -26.0
415.0 -260.0
449.0 371.0
-182.0 -255.0
179.0 453.0
-70.0 269.0
-30.0 -330.0
-152.0 42.0
375.0 -146.0
34.0 307.0
-104.0 -302.0
-204.0 -459.0
-228.0 -6.0
333.0 -177.0
-164.0 -94.0
-96.0 -452.0
54.0 -492.0
-264.0 139.0
-423.0 53.0
78.0 -238.0
324.0 -481.0
-310.0 354.0
168.0 -411.0
294.0 -381.0
143.0 331.0
44.0 -239.0
-139.0 376.0
361.0 -435.0
-470.0 -173.0
-336.0 326.0
125.0 -149.0
-97.0 -402.0
114.0 -335.0
-447.0 196.0
118.0 -69.0
345.0 -292.0
453.0 254.0
372.0 180.0
-421.0 430.0
-135.0 417.0
-315.0 148.0
-112.0 289.0
457.0 154.0
220.0 83.0
-164.0 161.0
-17.0 -392.0
365.0 -280.0
-405.0 253.0
343.0 469.0
262.0 -410.0
224.0 -401.0
72.0 155.0
-157.0 -307.0
-383.0 -365.0
104.0 -407.0
-465.0 -202.0
-58.0 -252.0
-40.0 89.0
-226.0 -291.0
205.0 356.0
147.0 152.0
-300.0 -346.0
-182.0 471.0
74.0 262.0
-298.0 -50.0
127.0 258.0
319.0 49.0
-334.0 -389.0
-436.0 -191.0
197.0 80.0
-247.0 388.0
33.0 -322.0
-19.0 59.0
-273.0 25.0
-297.0 -467.0
-80.0 299.0
499.0 161.0
-393.0 424.0
-220.0 343.0
-458.0 -424.0
54.0 -88.0
383.0 -64.0
-155.0 100.0
-203.0 11.0
-178.0 399.0
-392.0 -138.0
-10.0 -207.0
-267.0 33.0
489.0 -364.0
-474.0 -405.0
104.0 -176.0
-155.0 -484.0
-85.0 24.0
387.0 102.0
17.0 -208.0
203.0 122.0
130.0 26.0
-399.0 267.0
338.0 -486.0
184.0 416.0
-249.0 435.0
-83.0 -278.0
50.0 -482.0
156.0 125.0
-218.0 -29.0
181.0 -484.0
-296.0 -411.0
359.0 247.0
-151.0 313.0
-206.0 -304.0
-429.0 405.0
-67.0 -9.0
192.0 474.0
-410.0 -372.0
316.0 43.0
-15.0 9.0
465.0 340.0
411.0 94.0
208.0 461.0
343.0 292.0
298.0 -229.0
361.0 365.0
393.0 221.0
283.0 -392.0
232.0 -7.0
78.0 302.0
-324.0 -270.0
381.0 -92.0
164.0 -149.0
138.0 314.0
-222.0 -327.0
-337.0 104.0
427.0 205.0
-115.0 -255.0
-421.0 381.0
-412.0 158.0
-473.0 -53.0
-493.0 424.0
-106.0 -460.0
226.0 170.0
224.0 -300.0
-485.0 122.0
311.0 -414.0
271.0 -393.0
-367.0 411.0
-218.0 -10.0
-298.0 219.0
-429.0 -84.0
262.0 353.0
-439.0 306.0
-283.0 62.0
-344.0 119.0
-174.0 -146.0
353.0 244.0
-473.0 43.0
-287.0 181.0
-260.0 431.0
-455.0 258.0
367.0 -294.0
337.0 20.0
459.0 -274.0
142.0 -159.0
186.0 -38.0
-326.0 371.0
-27.0 -159.0
455.0 265.0
-401.0 477.0
-294.0 325.0
-56.0 -281.0
155.0 -141.0
-193.0 -11.0
476.0 486.0
149.0 -85.0
-454.0 58.0
278.0 206.0
400.0 -213.0
-428.0 -255.0
145.0 468.0
233.0 -111.0
-304.0 316.0
37.0 439.0
141.0 -426.0
201.0 -22.0
-373.0 -194.0
437.0 -386.0
44.0 195.0
-130.0 -361.0
251.0 290.0
-160.0 337.0
-403.0 405.0
450.0 470.0
-12.0 -402.0
104.0 121.0
-89.0 64.0
103.0 133.0
-146.0 -385.0
285.0 113.0
-471.0 214.0
-60.0 273.0
-389.0 -185.0
299.0 184.0
63.0 -383.0
437.0 -104.0
283.0 456.0
-205.0 -20.0
429.0 126.0
-357.0 -305.0
-325.0 244.0
137.0 -275.0
-202.0 -375.0
-137.0 -206.0
93.0 491.0
367.0 132.0
490.0 132.0
218.0 -66.0
175.0 31.0
136.0 -179.0
55.0 430.0
-3.0 -69.0
-228.0 -57.0
292.0 481.0
-139.0 64.0
-278.0 -159.0
190.0 -237.0
-295.0 -279.0
-398.0 491.0
203.0 -479.0
219.0 117.0
112.0 -18.0
-134.0 -85.0
-127.0 -342.0
357.0 186.0
92.0 -153.0
-224.0 -490.0
499.0 40.0
-329.0 425.0
192.0 -390.0
16.0 140.0
253.0 377.0
101.0 184.0
-489.0 -403.0
-438.0 454.0
421.0 33.0
336.0 -220.0
-247.0 258.0
-240.0 494.0
42.0 -247.0
19.0 -114.0
40.0 3.0
-453.0 -411.0
-473.0 -403.0
356.0 -491.0
446.0 360.0
-298.0 -489.0
258.0 380.0
41.0 296.0
421.0 -31.0
-277.0 121.0
353.0 331.0
-199.0 -326.0
-167.0 -123.0
395.0 458.0
-322.0 -350.0
-282.0 298.0
241.0 45.0
261.0 150.0
-466.0 252.0
223.0 -488.0
-394.0 406.0
222.0 491.0
373.0 403.0
-279.0 -203.0
120.0 202.0
90.0 417.0
-233.0 -434.0
-367.0 -145.0
-65.0 -214.0
354.0 -497.0
-261.0 73.0
-168.0 359.0
38.0 204.0
164.0 -137.0
330.0 -208.0
-191.0 -106.0
107.0 -26.0
308.0 -333.0
398.0 220.0
158.0 96.0
-437.0 494.0
22.0 56.0
-418.0 -379.0
-217.0 441.0
209.0 224.0
81.0 -225.0
273.0 217.0
440.0 -135.0
-489.0 -239.0
369.0 249.0
379.0 27.0
1.0 393.0
-305.0 448.0
-85.0 194.0
151.0 103.0
-109.0 -433.0
377.0 -117.0
-280.0 126.0
-351.0 -364.0
-199.0 -123.0
-279.0 480.0
293.0 -113.0
191.0 -227.0
-39.0 90.0
256.0 463.0
172.0 -89.0
-244.0 -183.0
-107.0 -460.0
-17.0 436.0
57.0 -79.0
170.0 -251.0
106.0 -225.0
-322.0 95.0
370.0 -31.0
377.0 -113.0
-184.0 -155.0
-227.0 23.0
243.0 467.0
-9.0 -403.0
-487.0 446.0
-35.0 269.0
46.0 -194.0
204.0 -38.0
289.0 -196.0
-329.0 -25.0
107.0 -355.0
51.0 -226.0
-215.0 348.0
18.0 -91.0
-342.0 498.0
223.0 -287.0
370.0 -11.0
162.0 -249.0
362.0 -380.0
178.0 -387.0
107.0 405.0
15.0 446.0
-260.0 378.0
-81.0 122.0
65.0 -259.0
455.0 476.0
-161.0 358.0
400.0 -180.0
-43.0 -352.0
23.0 129.0
-259.0 302.0
82.0 -451.0
10.0 157.0
352.0 -223.0
-106.0 -65.0
-55.0 267.0
221.0 -144.0
88.0 -126.0
122.0 24.0
126.0 -30.0
57.0 -104.0
73.0 47.0
481.0 -371.0
-93.0 77.0
132.0 -413.0
86.0 -180.0
104.0 -189.0
-280.0 -308.0
-401.0 -255.0
98.0 48.0
490.0 174.0
316.0 -422.0
463.0 105.0
6.0 291.0
218.0 412.0
357.0 31.0
-216.0 351.0
448.0 -440.0
318.0 -446.0
168.0 -350.0
94.0 465.0
-425.0 -457.0
-113.0 6.0
-406.0 440.0
20.0 -443.0
202.0 428.0
-72.0 -201.0
-352.0 422.0
-321.0 -28.0
348.0 272.0
-133.0 -320.0
239.0 311.0
-17.0 -160.0
316.0 -10.0
-299.0 -65.0
407.0 19.0
-165.0 -133.0
-91.0 -195.0
347.0 467.0
226.0 -182.0
281.0 32.0
-43.0 -410.0
39.0 -231.0
181.0 -202.0
46.0 -21.0
419.0 -397.0
-494.0 80.0
-19.0 -118.0
68.0 -471.0
-485.0 89.0
-215.0 -361.0
466.0 386.0
-14.0 -472.0
364.0 -352.0
-423.0 428.0
248.0 -98.0
318.0 -227.0
60.0 91.0
58.0 -118.0
-429.0 391.0
359.0 -199.0
-167.0 53.0
129.0 144.0
49.0 -279.0
-416.0 -69.0
15.0 -400.0
158.0 -269.0
312.0 218.0
-443.0 105.0
-479.0 408.0
143.0 -26.0
-249.0 294.0
430.0 -377.0
-119.0 482.0
-342.0 -219.0
121.0 -266.0
426.0 183.0
64.0 465.0
301.0 471.0
-26.0 32.0
-410.0 251.0
132.0 -400.0
-140.0 -391.0
233.0 -53.0
-496.0 386.0
-388.0 -409.0
-345.0 -257.0
498.0 409.0
369.0 -437.0
-431.0 -279.0
-171.0 384.0
382.0 -210.0
-77.0 279.0
-171.0 -447.0
167.0 -56.0
453.0 433.0
-104.0 -162.0
438.0 199.0
-329.0 80.0
38.0 492.0
-414.0 -167.0
39.0 467.0
-231.0 245.0
-500.0 234.0
-246.0 -229.0
-128.0 310.0
146.0 169.0
-482.0 -462.0
298.0 -97.0
-1.0 -245.0
91.0 217.0
-75.0 396.0
125.0 229.0
-221.0 -441.0
-186.0 -460.0
489.0 253.0
473.0 159.0
138.0 -480.0
154.0 20.0
471.0 -245.0
24.0 62.0
271.0 310.0
-10.0 -57.0
-23.0 -122.0
371.0 52.0
-331.0 496.0
30.0 -104.0
-272.0 286.0
-323.0 321.0
43.0 -77.0
373.0 -326.0
-308.0 316.0
-483.0 -190.0
-431.0 341.0
354.0 -233.0
-466.0 -255.0
-438.0 -12.0
474.0 88.0
380.0 477.0
-142.0 330.0
-341.0 86.0
-132.0 293.0
110.0 -336.0
-233.0 -45.0
-493.0 373.0
-116.0 333.0
397.0 347.0
-182.0 -149.0
-282.0 39.0
-88.0 -499.0
269.0 432.0
290.0 28.0
436.0 451.0
-126.0 -334.0
-1.0 -413.0
95.0 -482.0
194.0 108.0
471.0 52.0
426.0 379.0
-291.0 -355.0
-455.0 -428.0
371.0 -96.0
-136.0 -409.0
156.0 -385.0
-178.0 129.0
