3 6999 1821584.1836734693 16059021124
4 7000 1824987.468671679 22536943783
5 7000 1052924.8226950355 6859660709
6 6996 1769660.4215456676 7922121917
8 7000 1316367.4496644295 9379917223
9 6993 1444188.4057971013 9856110271
10 7000 1536073.7240075613 10289952529
11 6996 1374158.0698835275 10615407317
12 6996 1352884.0579710144 10898915579
13 6994 1442635.1351351351 11132171283
14 7000 1459109.2436974791 11376845090
16 6992 1419947.702060222 11684752602
17 6987 1549000.0 11804485978
18 6984 1187369.3693693692 11918912135
19 6992 1560951.7470881864 12071159829
20 7000 1723712.4773960216 12207931011
30 6990 1901019.1304347827 12842834907
40 7000 1702281.9807427786 13240319823
50 7000 1978286.5329512896 13448998133
60 6960 2337280.4314329736 13356182251
70 7000 2404315.107913669 13687802641
80 6960 3100156.089193825 13527813479
90 6930 3054615.3846153845 13413484380
100 7000 2829606.425702811 13868417629
25 7000 1917490.6367041199 12625159951
35 7000 2089634.4086021504 13089490857
45 6975 1997689.127105666 13213397221
55 6985 2220879.019908116 13434286201
65 6955 2508807.2669826224 13380822497
75 6975 2377521.2038303693 13581898589
85 6970 2660358.757062147 13611871967
95 6935 2963287.390029325 13465500594
23 6992 1636302.6315789474 12435151425
33 6996 1327843.4579439252 12997864118
43 6966 1633784.6153846153 13108601625
53 6996 2941014.4628099175 13475739313
63 6993 2098428.3801874164 13581536561
73 6935 2618343.605546995 13330936508
83 6972 2622878.359264498 13614538716
93 6975 2299696.9001148106 13685345534
103 6901 2267438.7646432375 13293570815
105 6930 2866794.9735449734 13474127372
107 6955 3037112.9476584024 13621037551
110 6930 3508297.3395931143 13494740674
113 6893 2920086.007702182 13284324631
115 6900 2711105.757931845 13332463782
117 6903 3242058.2524271845 13360635063
120 6960 3937031.1475409837 13696382473
123 6888 2533763.59832636 13289276292
125 7000 2352050.0472143535 13954954148
127 6985 2447489.299610895 13865594151
130 6890 4226874.5819398 13319692624
133 6916 3523624.82946794 13472124091
135 6885 6035645.011600928 13299527263
137 6987 4426998.341625207 13908278051
140 7000 6058997.772828507 13991410218
143 6864 6299842.2273781905 13179931533
145 6960 5882122.621564482 13758083640
147 6909 5769927.685950413 13464503997
150 6900 4416512.46105919 13407988447
