3 176 106851.19047619047 50198
3 231 110732.39436619719 112808
3 286 104791.36690647481 216564
3 360 299341.46341463417 433200
3 407 389785.046728972 612985
3 478 306672.9559748428 1005639
3 536 178797.38562091504 1427752
3 595 367884.84848484845 1956603
3 661 228155.93220338985 2649048
3 726 481935.06493506493 3531632
3 774 417391.5343915344 4283652
3 826 475350.2824858757 5207932
3 881 265132.7433628318 6371209
3 953 522403.22580645164 8024376
3 1025 258239.5061728395 9979652
3 1081 352507.9872204473 11690090
3 1127 376563.9344262295 13239950
3 1204 338625.3443526171 16151934
3 1256 488725.19083969464 18279899
3 1314 732327.868852459 21061462
3 1378 423310.2409638554 24224349
3 1449 400658.5365853659 28205551
3 1486 484482.42811501597 30411046
3 1553 424447.72117962467 34725919
3 1617 322673.828125 39091930
3 1671 543057.3248407643 43147081
3 1738 544058.2822085889 48661732
3 1795 466918.5750636132 53409492
3 1837 561628.74251497 57377803
3 1918 386843.87351778656 65374132
3 1962 577095.1008645534 70076262
3 2043 614696.1651917404 78929862
3 2101 497944.18604651163 85631810
3 2149 566700.2583979327 91939101
3 2225 579219.387755102 102085099
3 2273 565414.6341463415 108723046
3 2342 609663.2653061224 118891875
3 2396 504602.0618556701 127281310
3 2461 616717.4447174447 138129054
3 2511 471950.2762430939 146595635
3 2622 657346.4373464374 166815154
3 2684 748617.4863387978 179055801
3 2803 527813.6531365314 203647274
3 2876 664972.7891156463 220428089
3 2974 633753.6534446764 243571941
3 3041 683158.5903083701 260476013
3 3151 642416.0 289949418
3 3234 1063567.7419354839 313107232
3 3320 1273932.3308270676 338629342
3 3426 858685.5036855037 372390177
3 3513 831744.7795823666 401348911
3 3624 776415.9663865546 441062615
3 3757 733240.9177820267 490882388
3 3869 513154.7464239272 536911751
3 4007 844475.2066115703 596054831
3 4120 726271.1571675303 647258663
3 4237 872530.2419354839 703053546
3 4369 783660.8084358524 769685801
3 4488 884978.7234042553 836495963
3 4579 1077796.766743649 889507136
3 4714 1056090.1098901099 969457617
3 4844 811789.8193760263 1053128533
3 4956 1012607.2144288577 1126577276
